APPTR,R30,30,EGRUV
IF,EGRUV,-1.524053,31.915983, ,0.0,0.0,2,7000,0,0,0,0,1,0
TF,BU901,-1.442411,31.974208,0, ,0.0,0.0,0.0,0.0,2,5700,0,0,0,0,1,0

APPTR,R30,30,GAGNU
IF,GAGNU,-1.501003,32.055331, ,0.0,0.0,2,6000,0,0,0,0,1,0
TF,BU901,-1.442411,31.974208,0, ,0.0,0.0,0.0,0.0,2,5700,0,0,0,0,1,0

APPTR,R30,30,OKSAX
IF,OKSAX,-1.360767,32.032428, ,0.0,0.0,2,6000,0,0,0,0,1,0
TF,BU901,-1.442411,31.974208,0, ,0.0,0.0,0.0,0.0,2,5700,0,0,0,0,1,0

FINAL,R30,30,R,3
IF,BU901,-1.442411,31.974208, ,0.0,0.0,2,5700,0,0,0,0,0,0
TF,BU902,-1.393581,31.906608,0, ,0.0,0.0,304.0,5.0,1,5700,0,0,0,0,2,0
TF,BU903,-1.348728,31.844519,0, ,0.0,0.0,304.0,4.6,1,4239,0,0,0,0,3,1
CA,0,304.0,2,5500,0,0,0,0,0,0
DF,EGRUV,-1.524053,31.915983,1, ,0.0,0.0,0,0,0,0,0,0,0,0
HM,EGRUV,-1.524053,31.915983,2, ,0.0,0.0,34.0,04.3,2,7000,0,0,0,0,0,0,0

