SID,CRE4F,02,2
CA,0,18.0,2,1100,0,0,0,0,0,0
CI,0, ,0.0,18.0,2,2000,0,0,0,0,0,0
CF,CRE,44.902881,14.416547,0,RJK,194.4,20.3,350.0,15.0,2,5000,0,0,0,0,0,0

SID,CRE4J,20,2
CA,0,198.0,2,1300,0,0,0,0,0,0
DF,LOS,44.527097,14.472847,1, ,0.0,0.0,2,3000,0,0,0,0,0,0
TF,CRE,44.902881,14.416547,0, ,0.0,0.0,0.0,0.0,2,5000,0,0,0,0,0,0

SID,EBIT3C,02,2
CA,0,18.0,2,1100,0,0,0,0,0,0
CA,0,18.0,2,1500,0,0,0,0,0,0
CF,LOS,44.527097,14.472847,2,RJK,181.5,42.0,182.0,4.0,2,3000,0,0,0,0,0,0
TF,EBITA,44.385000,14.769167,0, ,0.0,0.0,0.0,0.0,2,5000,0,0,0,0,0,0

SID,EBIT4D,20,2
CA,0,198.0,2,1300,0,0,0,0,0,0
DF,LOS,44.527097,14.472847,1, ,0.0,0.0,2,3000,0,0,0,0,0,0
TF,EBITA,44.385000,14.769167,0, ,0.0,0.0,0.0,0.0,2,5000,0,0,0,0,0,0

SID,IPKI3C,02,2
CA,0,18.0,2,1100,0,0,0,0,0,0
CA,0,18.0,2,1500,0,0,0,0,0,0
CF,LOS,44.527097,14.472847,2,RJK,181.5,42.0,182.0,4.0,2,3000,0,0,0,0,0,0
TF,IPKIS,44.368333,14.300833,0, ,0.0,0.0,0.0,0.0,2,5000,0,0,0,0,0,0

SID,IPKI3D,20,2
CA,0,198.0,2,1300,0,0,0,0,0,0
CI,0, ,0.0,164.0,0,0,0,0,0,0,0,0
CF,IPKIS,44.368333,14.300833,0,ANC,35.2,59.1,214.0,7.0,2,5000,0,0,0,0,0,0

SID,MINT3C,02,2
CA,0,18.0,2,1100,0,0,0,0,0,0
CA,0,18.0,2,1500,0,0,0,0,0,0
CF,LOS,44.527097,14.472847,2,RJK,181.5,42.0,182.0,4.0,2,3000,0,0,0,0,0,0
TF,MINTU,44.340000,14.695556,0, ,0.0,0.0,0.0,0.0,2,4000,0,0,0,0,0,0

SID,MINT4D,20,2
CA,0,198.0,2,1300,0,0,0,0,0,0
DF,LOS,44.527097,14.472847,1, ,0.0,0.0,2,3000,0,0,0,0,0,0
TF,MINTU,44.340000,14.695556,0, ,0.0,0.0,0.0,0.0,2,4000,0,0,0,0,0,0

SID,NIKO3C,02,2
CA,0,18.0,2,1100,0,0,0,0,0,0
CA,0,18.0,2,1500,0,0,0,0,0,0
CF,LOS,44.527097,14.472847,2,RJK,181.5,42.0,182.0,4.0,2,3000,0,0,0,0,0,0
TF,NIKOL,44.221944,13.686111,0, ,0.0,0.0,0.0,0.0,2,5000,0,0,0,0,0,0

SID,NIKO4D,20,2
CI,0, ,0.0,198.0,0,0,0,0,0,0,0,0
CF,NIKOL,44.221944,13.686111,0,ANC,11.7,39.3,238.0,32.0,2,5000,0,0,0,0,0,0

SID,PUL3F,20,2
CA,0,198.0,2,1000,0,0,0,0,0,0
CI,2, ,0.0,347.0,0,0,0,0,0,0,0,0
CF,PUL,44.892367,13.918119,0,PUL,0.0,0.0,309.0,22.0,2,5000,0,0,0,0,0,0

SID,PUL4E,02,2
CA,0,18.0,2,1100,0,0,0,0,0,0
CA,0,18.0,2,1500,0,0,0,0,0,0
CF,PUL31,44.556189,14.476189,2,PUL,126.0,31.3,182.0,2.0,0,0,0,0,0,0,0,1
CF,PUL,44.892367,13.918119,2,PUL,0.0,0.0,309.0,30.0,2,5000,0,0,0,0,0,0

SID,ULPI3J,02,2
CA,0,18.0,2,1100,0,0,0,0,0,0
CA,0,18.0,2,1500,0,0,0,0,0,0
CI,0, ,0.0,100.0,2,5000,0,0,0,0,0,0
CF,ULPIN,44.703611,14.653889,0,RJK,169.2,31.5,32.0,8.0,2,8000,0,0,0,0,0,0

SID,ULPI3L,20,2
CA,0,198.0,2,1300,0,0,0,0,0,0
DF,LOS,44.527097,14.472847,1, ,0.0,0.0,2,3000,0,0,0,0,0,0
TF,ULPIN,44.703611,14.653889,0, ,0.0,0.0,0.0,0.0,2,8000,0,0,0,0,0,0

SID,ULPI4K,02,2
CA,0,18.0,2,1100,0,0,0,0,0,0
CA,0,18.0,2,1500,0,0,0,0,0,0
CF,PUL31,44.556189,14.476189,2,RJK,181.6,40.3,182.0,2.0,0,0,0,0,0,0,0,1
CF,ULPIN,44.703611,14.653889,1,RJK,169.2,31.5,32.0,11.0,2,8000,0,0,0,0,0,0

STAR,CRE4C,ALL,2
IF,CRE,44.902881,14.416547, ,0.0,0.0,0,0,0,0,0,0,0,0
TF,LOS,44.527097,14.472847,0, ,0.0,0.0,0.0,0.0,0,0,0,0,0,0,0,0

STAR,EBIT3A,ALL,2
IF,ZDA,44.095322,15.364228, ,0.0,0.0,0,0,0,0,0,0,0,0
TF,EBITA,44.385000,14.769167,0, ,0.0,0.0,0.0,0.0,0,0,0,0,0,0,0,0
TF,LOS,44.527097,14.472847,0, ,0.0,0.0,0.0,0.0,0,0,0,0,0,0,0,0

STAR,IPKI3A,ALL,2
IF,IPKIS,44.368333,14.300833, ,0.0,0.0,0,0,0,0,0,0,0,0
TF,LOS,44.527097,14.472847,0, ,0.0,0.0,0.0,0.0,0,0,0,0,0,0,0,0

STAR,MINT3A,ALL,2
IF,SAL,43.937861,15.168111, ,0.0,0.0,0,0,0,0,0,0,0,0
TF,MINTU,44.340000,14.695556,0, ,0.0,0.0,0.0,0.0,0,0,0,0,0,0,0,0
TF,D130L,44.427417,14.591806,0, ,0.0,0.0,0.0,0.0,0,0,0,0,0,0,0,0
TF,LOS,44.527097,14.472847,0, ,0.0,0.0,0.0,0.0,0,0,0,0,0,0,0,0

STAR,NIKO3A,ALL,2
IF,NIKOL,44.221944,13.686111, ,0.0,0.0,0,0,0,0,0,0,0,0
TF,LOS,44.527097,14.472847,0, ,0.0,0.0,0.0,0.0,0,0,0,0,0,0,0,0

STAR,PUL3C,ALL,2
IF,PUL,44.892367,13.918119, ,0.0,0.0,0,0,0,0,0,0,0,0
TF,D312L,44.710167,14.196222,0, ,0.0,0.0,0.0,0.0,0,0,0,0,0,0,0,0
TF,LOS,44.527097,14.472847,0, ,0.0,0.0,0.0,0.0,0,0,0,0,0,0,0,0

STAR,ULPI3G,ALL,2
IF,ULPIN,44.703611,14.653889, ,0.0,0.0,0,0,0,0,0,0,0,0
TF,D053L,44.675972,14.625389,0, ,0.0,0.0,0.0,0.0,0,0,0,0,0,0,0,0
TF,LOS,44.527097,14.472847,0, ,0.0,0.0,0.0,0.0,0,0,0,0,0,0,0,0

APPTR,D02,02,D053L
IF,D053L,44.675972,14.625389, ,0.0,0.0,2,3000,0,0,0,0,1,0
CI,0, ,0.0,212.0,0,0,0,0,0,0,0,0
AF,D085J,44.569181,14.624164,2,NTL,85.0,10.0,53.0,2,3000,0,0,0,0,0,0
AF,CD02,44.407806,14.319944,2,NTL,193.8,10.0,85.0,2,2300,0,0,0,0,1,0

APPTR,D02,02,D130L
IF,D130L,44.427417,14.591806, ,0.0,0.0,2,3000,0,0,0,0,1,0
CI,0, ,0.0,316.0,0,0,0,0,0,0,0,0
AF,CD02,44.407806,14.319944,2,NTL,193.8,10.0,130.0,2,2300,0,0,0,0,1,0

APPTR,D02,02,D312L
IF,D312L,44.710167,14.196222, ,0.0,0.0,2,3000,0,0,0,0,1,0
CI,0, ,0.0,129.0,0,0,0,0,0,0,0,0
AF,CD02,44.407806,14.319944,1,NTL,193.8,10.0,312.0,2,2300,0,0,0,0,1,0

APPTR,D02,02,LOS
IF,LOS,44.527097,14.472847, ,0.0,0.0,0,0,0,0,0,0,1,0
CF,D337I,44.442861,14.513333,0,NTL,140.7,9.1,157.0,5.3,2,2300,0,0,0,0,0,0
CI,0, ,0.0,157.0,0,0,0,0,0,0,0,0
AF,CD02,44.407806,14.319944,2,NTL,193.8,10.0,141.0,2,2300,0,0,0,0,1,0

FINAL,D02,02,D,3
IF,CD02,44.407806,14.319944,NTL,193.8,10.0,2,2300,0,0,0,0,0,0
CF,FD02,44.488056,14.355861,0,NTL,193.8,4.9,14.0,5.1,2,1700,0,0,0,0,2,0
CF,MD02,44.542722,14.380361,0,NTL,193.8,1.5,14.0,3.4,1,595,0,0,0,0,3,0
CF,NTL,44.566511,14.391053,0,NTL,0.0,0.0,14.0,1.5,0,0,0,0,0,0,0,1
CI,0, ,0.0,95.0,0,0,0,0,0,0,0,0
CF,D065G,44.606083,14.532167,0,NTL,64.5,6.5,65.0,5.0,0,0,0,0,0,0,0,1
DF,LOS,44.527097,14.472847,2, ,0.0,0.0,1,3000,0,0,0,0,0,0
HM,LOS,44.527097,14.472847,2, ,0.0,0.0,157.0,04.3,2,3000,0,0,0,0,0,0,0

APPTR,Q02-A,02,EBITA
IF,EBITA,44.385000,14.769167, ,0.0,0.0,0,0,0,0,0,0,1,0
CF,PU39A,44.464361,14.604056,0,PUL,126.9,39.0,300.0,8.6,2,2300,0,0,0,0,1,0
CF,LOS,44.527097,14.472847,0,PUL,128.5,32.3,300.0,6.8,2,2300,0,0,0,0,0,0

APPTR,Q02-A,02,LOS
IF,LOS,44.527097,14.472847, ,0.0,0.0,2,3000,0,0,0,0,0,0
FC,LOS,44.527097,14.472847,0,PUL,0.0,0.0,156.0,4.3,2,2300,0,0,0,0,0,1
CF,LOS,44.527097,14.472847,1,PUL,128.5,32.3,300.0,4.0,2,2300,0,0,0,0,0,0

APPTR,Q02-A,02,MINTU
IF,MINTU,44.340000,14.695556, ,0.0,0.0,0,0,0,0,0,0,1,0
CF,PU39B,44.441694,14.574778,0,PUL,129.7,39.0,316.0,8.0,2,2300,0,0,0,0,1,0
CF,LOS,44.527097,14.472847,0,PUL,128.5,32.3,316.0,6.7,2,2300,0,0,0,0,0,0

FINAL,Q02-A,02,N,2
IF,LOS,44.527097,14.472847,LOS,0.0,0.0,2,2300,0,0,0,0,2,0
CF,MN300,44.565989,14.392131,0,PUL,0.0,28.2,300.0,4.2,1,1070,0,0,0,0,3,0
CA,1,207.0,2,2000,0,0,0,0,0,0
DF,LOS,44.527097,14.472847,1, ,0.0,0.0,1,3000,0,0,0,0,0,0

APPTR,Q20-A,20,EBITA
IF,EBITA,44.385000,14.769167, ,0.0,0.0,0,0,0,0,0,0,1,0
CF,PU39A,44.464361,14.604056,0,PUL,126.9,39.0,300.0,8.6,2,2300,0,0,0,0,1,0
CF,LOS,44.527097,14.472847,0,PUL,128.5,32.3,300.0,6.8,2,2300,0,0,0,0,0,0

APPTR,Q20-A,20,LOS
IF,LOS,44.527097,14.472847, ,0.0,0.0,2,3000,0,0,0,0,0,0
FC,LOS,44.527097,14.472847,0,PUL,0.0,0.0,156.0,4.3,2,2300,0,0,0,0,0,1
CF,LOS,44.527097,14.472847,1,PUL,128.5,32.3,300.0,4.0,2,2300,0,0,0,0,0,0

APPTR,Q20-A,20,MINTU
IF,MINTU,44.340000,14.695556, ,0.0,0.0,0,0,0,0,0,0,1,0
CF,PU39B,44.441694,14.574778,0,PUL,129.7,39.0,316.0,8.0,2,2300,0,0,0,0,1,0
CF,LOS,44.527097,14.472847,0,PUL,128.5,32.3,316.0,6.7,2,2300,0,0,0,0,0,0

FINAL,Q20-A,20,N,2
IF,LOS,44.527097,14.472847,LOS,0.0,0.0,2,2300,0,0,0,0,2,0
CF,MN300,44.565989,14.392131,0,PUL,0.0,28.2,300.0,4.2,1,1070,0,0,0,0,3,0
CA,1,207.0,2,2000,0,0,0,0,0,0
DF,LOS,44.527097,14.472847,1, ,0.0,0.0,1,3000,0,0,0,0,0,0

