SID,ATV2Q,18,2
CA,0,176.0,2,550,0,0,0,0,0,0
CF,D183J,37.895508,23.532728,0,LEF,183.0,10.0,183.0,10.0,0,0,0,0,0,0,0,1
CF,ATV,37.888678,23.804497,1,ATV,0.0,0.0,87.0,11.0,2,7000,0,1,250,0,0,0

SID,ATV2S,36,2
DF,DER36,38.078547,23.555975,0, ,0.0,0.0,0,0,0,0,0,0,0,1
VA,0,356.0,2,600,0,0,0,0,0,0
VI,1, ,0.0,125.0,0,0,0,1,210,0,0,0
CF,D183J,37.895508,23.532728,0,LEF,183.0,10.0,183.0,8.0,0,0,0,0,0,0,0,1
CF,ATV,37.888678,23.804497,1,ATV,0.0,0.0,87.0,11.0,2,7000,0,1,250,0,0,0

SID,DDM2H,36,2
DF,DER36,38.078547,23.555975,0, ,0.0,0.0,0,0,0,0,0,0,0,1
VA,0,356.0,2,600,0,0,0,0,0,0
VI,1, ,0.0,125.0,0,0,0,1,210,0,0,0
CF,D183J,37.895508,23.532728,0,LEF,183.0,10.0,183.0,8.0,0,0,0,0,0,0,0,0
TF,DDM,37.477669,23.217169,0, ,0.0,0.0,0.0,0.0,2,10000,0,1,250,0,0,0

SID,DDM2Q,18,2
CA,0,176.0,2,550,0,0,0,0,0,0
CF,D183J,37.895508,23.532728,0,LEF,183.0,10.0,183.0,10.0,0,0,0,0,0,0,0,0
TF,DDM,37.477669,23.217169,0, ,0.0,0.0,0.0,0.0,2,10000,0,1,250,0,0,0

SID,KOR2H,36,2
DF,DER36,38.078547,23.555975,0, ,0.0,0.0,0,0,0,0,0,0,0,1
VA,0,356.0,2,600,0,0,0,0,0,0
VI,1, ,0.0,125.0,0,0,0,1,210,0,0,0
CF,D183J,37.895508,23.532728,0,LEF,183.0,10.0,183.0,8.0,0,0,0,0,0,0,0,1
VI,2, ,0.0,299.0,0,0,0,1,250,0,0,0
CF,KOR,37.930411,22.935900,0,LEF,251.3,30.5,269.0,23.0,2,10000,0,0,0,0,0,0

SID,KOR2Q,18,2
CA,0,176.0,2,550,0,0,0,0,0,0
CF,D183J,37.895508,23.532728,0,LEF,183.0,10.0,183.0,10.0,0,0,0,0,0,0,0,1
VI,2, ,0.0,299.0,0,0,0,1,250,0,0,0
CF,KOR,37.930411,22.935900,0,LEF,251.3,30.5,269.0,23.0,2,10000,0,0,0,0,0,0

APPTR,D36,36,D213N
IF,D213N,37.874428,23.381033, ,0.0,0.0,2,5000,0,0,0,0,1,0
CI,0, ,0.0,213.0,0,0,0,1,230,0,0,0
AF,D184P,37.796739,23.511564,1,LEF,184.0,16.0,213.0,0,0,0,0,0,0,0,0
CF,CD36,37.827558,23.553247,0,LEF,177.0,14.0,357.0,2.0,2,3100,0,0,0,0,1,0

FINAL,D36,36,D,4
IF,CD36,37.827558,23.553247,LEF,177.0,14.0,2,3100,0,0,0,0,0,0
CF,FD36,37.944342,23.555814,0,LEF,177.0,7.0,357.0,7.0,2,2100,0,0,0,0,2,0
CF,45VOR,37.986047,23.556731,0,LEF,177.0,4.5,357.0,2.5,2,1340,0,0,0,0,0,0
CF,MD36,38.036097,23.557836,0,LEF,177.0,1.5,357.0,3.0,1,376,0,0,0,0,3,0
CA,0,357.0,2,550,0,0,0,0,0,0
CI,1, ,0.0,167.0,2,4500,0,1,185,0,0,0
CF,D213N,37.874428,23.381033,0,LEF,213.0,14.0,213.0,9.0,2,4500,0,0,0,0,0,0
HM,D213N,37.874428,23.381033,2, ,0.0,0.0,213.0,04,2,4500,0,1,230,0,0,0,0

APPTR,D36-W,36,D213N
IF,D213N,37.874428,23.381033, ,0.0,0.0,2,5000,0,0,0,0,1,0
CI,0, ,0.0,213.0,0,0,0,1,230,0,0,0
AF,D186P,37.798192,23.499964,1,LEF,186.0,16.0,213.0,0,0,0,0,0,0,0,0
CF,CD36,37.827558,23.553247,0,LEF,177.0,14.0,357.0,2.0,2,3100,0,0,0,0,1,0

FINAL,D36-W,36,D,4
IF,CD36,37.827558,23.553247,LEF,177.0,14.0,2,3100,0,0,0,0,0,0
CF,FD36,37.944342,23.555814,0,LEF,177.0,7.0,357.0,7.0,2,2100,0,0,0,0,2,0
CF,40VOR,37.994389,23.556917,0,LEF,177.0,4.0,357.0,3.0,2,1200,0,0,0,0,0,0
CF,MD36,38.036097,23.557836,0,LEF,177.0,1.5,357.0,2.5,1,385,0,0,0,0,3,0
CA,0,357.0,2,550,0,0,0,0,0,0
CI,1, ,0.0,168.0,2,5000,0,1,185,0,0,0
CF,D213N,37.874428,23.381033,0,LEF,213.0,14.0,213.0,9.0,2,5000,0,0,0,0,0,0
HM,D213N,37.874428,23.381033,2, ,0.0,0.0,213.0,04,2,5000,0,1,230,0,0,0,0

