APPTR,Q08CB,08C,LSA
IF,LSA,39.644894,22.462381, ,0.0,0.0,2,5000,0,0,0,0,1,0
TF,FN018,39.537394,22.403456,0, ,0.0,0.0,0.0,0.0,2,3200,0,0,0,0,0,0
FC,FN018,39.537394,22.403456,0,SKP,0.0,0.0,153.0,4.4,0,0,0,0,0,0,0,1
CF,FN018,39.537394,22.403456,2,SKP,287.1,60.3,18.0,5.0,2,3200,0,0,0,0,0,0

FINAL,Q08CB,08C,N,2
IF,FN018,39.537394,22.403456,LSA,0.0,0.0,2,3200,0,0,0,0,2,0
CF,LSA,39.644894,22.462381,0,LSA,0.0,0.0,18.0,7.0,1,980,0,0,0,0,3,0
FA,LSA,39.644894,22.462381,2,SKP,0.0,0.0,128.0,2,3500,0,0,0,0,0,0
DF,LSA,39.644894,22.462381,2, ,0.0,0.0,1,5000,0,0,0,0,0,0
HM,LSA,39.644894,22.462381,1, ,0.0,0.0,128.0,04.3,0,0,0,0,0,0,0,0,0

APPTR,Q08RB,08R,LSA
IF,LSA,39.644894,22.462381, ,0.0,0.0,2,5000,0,0,0,0,1,0
TF,FN018,39.537394,22.403456,0, ,0.0,0.0,0.0,0.0,2,3200,0,0,0,0,0,0
FC,FN018,39.537394,22.403456,0,SKP,0.0,0.0,153.0,4.4,0,0,0,0,0,0,0,1
CF,FN018,39.537394,22.403456,2,SKP,287.1,60.3,18.0,5.0,2,3200,0,0,0,0,0,0

FINAL,Q08RB,08R,N,2
IF,FN018,39.537394,22.403456,LSA,0.0,0.0,2,3200,0,0,0,0,2,0
CF,LSA,39.644894,22.462381,0,LSA,0.0,0.0,18.0,7.0,1,980,0,0,0,0,3,0
FA,LSA,39.644894,22.462381,2,SKP,0.0,0.0,128.0,2,3500,0,0,0,0,0,0
DF,LSA,39.644894,22.462381,2, ,0.0,0.0,1,5000,0,0,0,0,0,0
HM,LSA,39.644894,22.462381,1, ,0.0,0.0,128.0,04.3,0,0,0,0,0,0,0,0,0

APPTR,Q08RZ,08R,LSA
IF,LSA,39.644894,22.462381, ,0.0,0.0,2,6000,0,0,0,0,1,0
CF,D242B,39.672500,22.547167,0,AGH,332.5,29.6,62.0,4.3,2,5200,0,1,200,0,0,1
CF,LSA,39.644894,22.462381,2,AGH,324.3,29.9,282.0,4.0,2,5200,0,0,0,0,0,0
CF,D094N,39.676333,22.207500,0,AGH,310.6,38.7,274.0,12.0,2,3500,0,1,200,0,0,1
CF,CF08R,39.625311,22.210158,1,AGH,307.4,36.5,79.0,1.0,2,3500,0,0,0,0,1,0

FINAL,Q08RZ,08R,N,4
IF,CF08R,39.625311,22.210158,LSA,0.0,0.0,2,3500,0,0,0,0,0,0
CF,FF08R,39.635333,22.338333,0,LSA,0.0,0.0,79.0,6.0,2,2100,0,0,0,0,2,0
CF,60DME,39.638667,22.381333,0,LSA,0.0,0.0,79.0,2.0,2,1400,0,0,0,0,0,0
CF,RW08R,39.646053,22.448525,0,LAR,0.0,2.9,79.0,3.1,1,283,0,0,0,0,3,0
CF,LSA,39.644894,22.462381,0,AGH,324.3,29.9,79.0,0.7,0,0,0,0,0,0,0,1
CF,D262E,39.651167,22.617000,0,AGH,337.7,27.3,82.0,7.2,0,0,0,0,0,0,0,1
CF,LSA,39.644894,22.462381,2,AGH,324.3,29.9,294.0,7.0,1,6000,0,1,185,0,0,0
HM,LSA,39.644894,22.462381,2, ,0.0,0.0,62.0,04.3,2,6000,0,0,0,0,0,0,0

APPTR,Q26CB,26C,LSA
IF,LSA,39.644894,22.462381, ,0.0,0.0,2,5000,0,0,0,0,1,0
TF,FN018,39.537394,22.403456,0, ,0.0,0.0,0.0,0.0,2,3200,0,0,0,0,0,0
FC,FN018,39.537394,22.403456,0,SKP,0.0,0.0,153.0,4.4,0,0,0,0,0,0,0,1
CF,FN018,39.537394,22.403456,2,SKP,287.1,60.3,18.0,5.0,2,3200,0,0,0,0,0,0

FINAL,Q26CB,26C,N,2
IF,FN018,39.537394,22.403456,LSA,0.0,0.0,2,3200,0,0,0,0,2,0
CF,LSA,39.644894,22.462381,0,LSA,0.0,0.0,18.0,7.0,1,980,0,0,0,0,3,0
FA,LSA,39.644894,22.462381,2,SKP,0.0,0.0,128.0,2,3500,0,0,0,0,0,0
DF,LSA,39.644894,22.462381,2, ,0.0,0.0,1,5000,0,0,0,0,0,0
HM,LSA,39.644894,22.462381,1, ,0.0,0.0,128.0,04.3,0,0,0,0,0,0,0,0,0

APPTR,Q26LB,26L,LSA
IF,LSA,39.644894,22.462381, ,0.0,0.0,2,5000,0,0,0,0,1,0
TF,FN018,39.537394,22.403456,0, ,0.0,0.0,0.0,0.0,2,3200,0,0,0,0,0,0
FC,FN018,39.537394,22.403456,0,SKP,0.0,0.0,153.0,4.4,0,0,0,0,0,0,0,1
CF,FN018,39.537394,22.403456,2,SKP,287.1,60.3,18.0,5.0,2,3200,0,0,0,0,0,0

FINAL,Q26LB,26L,N,2
IF,FN018,39.537394,22.403456,LSA,0.0,0.0,2,3200,0,0,0,0,2,0
CF,LSA,39.644894,22.462381,0,LSA,0.0,0.0,18.0,7.0,1,980,0,0,0,0,3,0
FA,LSA,39.644894,22.462381,2,SKP,0.0,0.0,128.0,2,3500,0,0,0,0,0,0
DF,LSA,39.644894,22.462381,2, ,0.0,0.0,1,5000,0,0,0,0,0,0
HM,LSA,39.644894,22.462381,1, ,0.0,0.0,128.0,04.3,0,0,0,0,0,0,0,0,0

APPTR,T08C,08C,MAKEG
IF,MAKEG,39.507000,22.276667, ,0.0,0.0,2,5000,0,0,0,0,1,0
CF,D226O,39.495900,22.261767,0,LAR,226.0,15.0,226.0,1.0,2,5000,0,0,0,0,0,0
CF,D226R,39.463617,22.212422,0,LAR,226.0,18.0,226.0,3.0,2,4500,0,1,250,0,0,0
AF,D255R,39.599083,22.128172,2,LAR,255.0,18.0,226.0,2,4500,0,1,250,0,0,0
CF,D255O,39.608822,22.191628,0,LAR,255.0,15.0,75.0,3.0,2,3500,0,0,0,0,1,0
CF,CT08C,39.621753,22.276261,0,LAR,255.0,11.0,75.0,4.0,2,2300,0,0,0,0,0,0

FINAL,T08C,08C,D,3
IF,CT08C,39.621753,22.276261,LAR,255.0,11.0,2,2300,0,0,0,0,0,0
CF,FT08C,39.631411,22.339756,0,LAR,255.0,8.0,75.0,3.0,2,1800,0,0,0,0,2,0
CF,RW08C,39.647492,22.446464,0,LAR,254.9,3.0,75.0,5.0,1,290,0,0,0,0,3,0
CF,LAR,39.657000,22.509167,0,LAR,0.0,0.0,75.0,3.0,0,0,0,0,0,0,0,1
CI,2, ,0.0,260.0,0,0,0,1,250,0,0,0
CF,MAKEG,39.507000,22.276667,0,LAR,226.3,14.0,226.0,8.0,2,5000,0,0,0,0,0,0
HM,MAKEG,39.507000,22.276667,2, ,0.0,0.0,226.0,05,3,10000,0,1,250,0,0,0,0

APPTR,T08R,08R,AGISA
IF,AGISA,39.733333,23.348333, ,0.0,0.0,0,0,0,0,0,0,0,0
TF,LAR,39.657000,22.509167,0, ,0.0,0.0,0.0,0.0,2,6000,0,0,0,0,0,0
CF,MAKEG,39.507000,22.276667,0,LAR,226.3,14.0,226.0,14.0,4,10000,5000,0,0,0,1,0
CF,D226R,39.463617,22.212422,0,LAR,226.0,18.0,226.0,4.0,0,0,0,0,0,0,0,0
AF,D253R,39.588842,22.131044,2,LAR,253.0,18.0,226.0,2,4500,0,0,0,0,0,0
CF,D253O,39.600286,22.194014,0,LAR,253.0,15.0,73.0,3.0,2,3500,0,0,0,0,0,0
CF,CT08R,39.615492,22.278003,0,LAR,253.0,11.0,73.0,4.0,2,2300,0,0,0,0,0,0

APPTR,T08R,08R,ANL1
IF,ANL,39.213667,22.744167, ,0.0,0.0,0,0,0,0,0,0,0,0
TF,D153L,39.472697,22.610083,0, ,0.0,0.0,0.0,0.0,2,6000,0,0,0,0,0,0
CF,LAR,39.657000,22.509167,0,LAR,0.0,0.0,333.0,12.0,2,5000,0,0,0,0,0,0
CF,MAKEG,39.507000,22.276667,1,LAR,226.3,14.0,226.0,14.0,4,10000,5000,0,0,0,1,0
CF,D226R,39.463617,22.212422,0,LAR,226.0,18.0,226.0,4.0,0,0,0,0,0,0,0,0
AF,D253R,39.588842,22.131044,2,LAR,253.0,18.0,226.0,2,4500,0,0,0,0,0,0
CF,D253O,39.600286,22.194014,0,LAR,253.0,15.0,73.0,3.0,2,3500,0,0,0,0,0,0
CF,CT08R,39.615492,22.278003,0,LAR,253.0,11.0,73.0,4.0,2,2300,0,0,0,0,0,0

APPTR,T08R,08R,ANL2
IF,ANL,39.213667,22.744167, ,0.0,0.0,0,0,0,0,0,0,0,0
TF,D153L,39.472697,22.610083,0, ,0.0,0.0,0.0,0.0,2,6000,0,0,0,0,0,0
CI,0, ,0.0,333.0,0,0,0,0,0,0,0,0
AF,D226J,39.549658,22.344106,2,LAR,226.0,10.0,153.0,2,5000,0,0,0,0,0,0
CF,MAKEG,39.507000,22.276667,0,LAR,226.3,14.0,226.0,4.0,4,10000,5000,0,0,0,1,0
CF,D226R,39.463617,22.212422,0,LAR,226.0,18.0,226.0,4.0,0,0,0,0,0,0,0,0
AF,D253R,39.588842,22.131044,2,LAR,253.0,18.0,226.0,2,4500,0,0,0,0,0,0
CF,D253O,39.600286,22.194014,0,LAR,253.0,15.0,73.0,3.0,2,3500,0,0,0,0,0,0
CF,CT08R,39.615492,22.278003,0,LAR,253.0,11.0,73.0,4.0,2,2300,0,0,0,0,0,0

APPTR,T08R,08R,IOA
IF,IOA,39.693072,20.820947, ,0.0,0.0,0,0,0,0,0,0,0,0
TF,LAR40,39.688717,21.646725,0, ,0.0,0.0,0.0,0.0,2,10000,0,0,0,0,0,0
CF,D269T,39.673658,22.078044,0,LAR,269.0,20.0,89.0,20.0,2,6000,0,0,0,0,1,0
CF,D269R,39.672064,22.121167,0,LAR,269.0,18.0,89.0,2.0,0,0,0,0,0,0,0,0
AF,D253R,39.588842,22.131044,1,LAR,253.0,18.0,269.0,2,4500,0,0,0,0,0,0
CF,D253O,39.600286,22.194014,0,LAR,253.0,15.0,73.0,3.0,2,3500,0,0,0,0,0,0
CF,CT08R,39.615492,22.278003,0,LAR,253.0,11.0,73.0,4.0,2,2300,0,0,0,0,0,0

APPTR,T08R,08R,KOZ
IF,KOZ,40.285133,21.840444, ,0.0,0.0,0,0,0,0,0,0,0,0
TF,D308J,39.768503,22.348533,0, ,0.0,0.0,0.0,0.0,0,0,0,0,0,0,0,0
CF,LAR,39.657000,22.509167,0,LAR,0.0,0.0,128.0,10.0,2,5000,0,0,0,0,0,0
CF,MAKEG,39.507000,22.276667,2,LAR,226.3,14.0,226.0,14.0,4,10000,5000,0,0,0,1,0
CF,D226R,39.463617,22.212422,0,LAR,226.0,18.0,226.0,4.0,0,0,0,0,0,0,0,0
AF,D253R,39.588842,22.131044,2,LAR,253.0,18.0,226.0,2,4500,0,0,0,0,0,0
CF,D253O,39.600286,22.194014,0,LAR,253.0,15.0,73.0,3.0,2,3500,0,0,0,0,0,0
CF,CT08R,39.615492,22.278003,0,LAR,253.0,11.0,73.0,4.0,2,2300,0,0,0,0,0,0

APPTR,T08R,08R,TSL
IF,TSL,40.456808,22.991058, ,0.0,0.0,0,0,0,0,0,0,0,0
TF,D020H,39.778883,22.579508,0, ,0.0,0.0,0.0,0.0,2,9000,0,0,0,0,0,0
CF,LAR,39.657000,22.509167,0,LAR,0.0,0.0,200.0,8.0,2,6000,0,0,0,0,0,0
CF,MAKEG,39.507000,22.276667,0,LAR,226.3,14.0,226.0,14.0,4,10000,5000,0,0,0,1,0
CF,D226R,39.463617,22.212422,0,LAR,226.0,18.0,226.0,4.0,0,0,0,0,0,0,0,0
AF,D253R,39.588842,22.131044,2,LAR,253.0,18.0,226.0,2,4500,0,0,0,0,0,0
CF,D253O,39.600286,22.194014,0,LAR,253.0,15.0,73.0,3.0,2,3500,0,0,0,0,0,0
CF,CT08R,39.615492,22.278003,0,LAR,253.0,11.0,73.0,4.0,2,2300,0,0,0,0,0,0

FINAL,T08R,08R,D,3
IF,CT08R,39.615492,22.278003,LAR,253.0,11.0,2,2300,0,0,0,0,0,0
CF,FT08R,39.626858,22.341019,0,LAR,253.0,8.0,73.0,3.0,2,1600,0,0,0,0,2,0
CF,RW08R,39.646053,22.448525,0,LAR,252.9,2.9,73.0,5.1,1,283,0,0,0,0,3,0
CF,LAR,39.657000,22.509167,0,LAR,0.0,0.0,73.0,2.9,0,0,0,0,0,0,0,1
CI,2, ,0.0,258.0,0,0,0,0,0,0,0,0
CF,MAKEG,39.507000,22.276667,0,LAR,226.3,14.0,226.0,8.0,2,5000,0,0,0,0,0,0
HM,MAKEG,39.507000,22.276667,1, ,0.0,0.0,226.0,04,2,5000,0,1,265,0,0,0,0

APPTR,T26C,26C,LASLA
FD,LASLA,39.817167,22.786167,0,LAR,49.1,19.0,49.0,19.0,2,11000,0,0,0,0,1,0
CF,D049W,39.887203,22.906889,0,LAR,49.0,23.0,49.0,4.0,0,0,0,1,250,0,0,0
AF,D068W,39.774592,22.982025,2,LAR,68.0,23.0,49.0,2,9000,0,1,250,0,0,0
CF,OLIMU,39.716167,22.912833,0,LAR,75.1,19.0,255.0,4.0,2,5500,0,0,0,0,1,0

FINAL,T26C,26C,D,6
IF,OLIMU,39.716167,22.912833,LAR,75.1,19.0,2,5500,0,0,0,0,1,0
CF,TAC11,39.691775,22.742306,0,LAR,75.0,11.0,255.0,8.0,2,4100,0,0,0,0,0,0
CF,80TAC,39.682336,22.678697,0,LAR,75.0,8.0,255.0,3.0,2,3300,0,0,0,0,0,0
CF,FT26C,39.676025,22.636303,0,LAR,75.0,6.0,255.0,2.0,2,2700,0,0,0,0,2,0
CF,40TAC,39.669700,22.593917,0,LAR,75.0,4.0,255.0,2.0,2,2000,0,0,0,0,0,0
CF,LAR,39.657000,22.509167,0,LAR,0.0,0.0,255.0,4.0,1,671,0,0,0,0,3,0
CF,D259O,39.626061,22.188014,0,LAR,259.0,15.0,259.0,15.0,2,3000,0,0,0,0,0,1
DF,LAR,39.657000,22.509167,1, ,0.0,0.0,2,8500,0,0,0,0,0,0
CF,LASLA,39.817167,22.786167,0,LAR,49.1,16.0,49.0,16.0,2,11000,0,0,0,0,0,0
HM,LASLA,39.817167,22.786167,1, ,0.0,0.0,49.0,06,2,11000,0,1,250,0,0,0,0

APPTR,T26L,26L,D044P
FD,D044P,39.835294,22.766425,0,LAR,44.0,19.0,44.0,19.0,2,11000,0,0,0,0,1,0
CF,D044W,39.913119,22.879394,0,LAR,44.0,23.0,44.0,4.0,0,0,0,1,300,0,0,0
AF,D067W,39.780953,22.979314,2,LAR,67.0,23.0,44.0,2,9000,0,1,300,0,0,0
CF,CT26L,39.689019,22.852036,0,LAR,79.0,16.0,259.0,7.0,2,5100,0,0,0,0,1,0

APPTR,T26L,26L,XELAS
IF,XELAS,39.702333,22.981500, ,0.0,0.0,2,8000,0,0,0,0,1,0
TF,CT26L,39.689019,22.852036,0, ,0.0,0.0,0.0,0.0,2,5100,0,0,0,0,1,0

FINAL,T26L,26L,D,5
IF,CT26L,39.689019,22.852036,LAR,79.0,16.0,2,5100,0,0,0,0,0,0
CF,TAC12,39.681108,22.766289,0,LAR,79.0,12.0,259.0,4.0,2,3900,0,0,0,0,0,0
CF,TAC10,39.677131,22.723422,0,LAR,79.0,10.0,259.0,2.0,2,3300,0,0,0,0,0,0
CF,FT26L,39.669125,22.637706,0,LAR,79.0,6.0,259.0,4.0,2,2590,0,0,0,0,2,0
CF,LAR,39.657000,22.509167,0,LAR,0.0,0.0,259.0,6.0,1,685,0,0,0,0,3,0
CF,D259O,39.626061,22.188014,0,LAR,259.0,15.0,259.0,15.0,0,0,0,0,0,0,0,1
DF,LAR,39.657000,22.509167,1, ,0.0,0.0,2,8500,0,0,0,0,0,0
CF,D044P,39.835294,22.766425,0,LAR,44.0,16.0,44.0,16.0,2,11000,0,0,0,0,0,0
HM,D044P,39.835294,22.766425,1, ,0.0,0.0,44.0,08,2,11000,0,1,280,0,0,0,0

