SID,LARK3B,09,1
CA,0,90.0,2,420,0,0,0,0,0,0
VI,2, ,0.0,218.0,0,0,0,0,0,0,0,0
FA,SAM,37.686625,26.907078,0,SAM,0.0,0.0,173.0,2,4000,0,0,0,0,0,0
CF,D173J,37.519986,26.918042,0,SAM,173.0,10.0,173.0,2.0,0,0,0,0,0,0,0,1
CI,0, ,0.0,232.0,0,0,0,0,0,0,0,0
CF,LARKI,37.398889,26.838333,0,SAM,186.8,17.6,187.0,5.0,0,0,0,0,0,0,0,0

SID,LARK3B,27,1
CA,0,270.0,2,420,0,0,0,0,0,0
VI,1, ,0.0,128.0,0,0,0,0,0,0,0,0
FA,SAM,37.686625,26.907078,0,SAM,0.0,0.0,173.0,2,4000,0,0,0,0,0,0
CF,D173J,37.519986,26.918042,0,SAM,173.0,10.0,173.0,2.0,0,0,0,0,0,0,0,1
CI,0, ,0.0,232.0,0,0,0,0,0,0,0,0
CF,LARKI,37.398889,26.838333,0,SAM,186.8,17.6,187.0,5.0,0,0,0,0,0,0,0,0

SID,ORMO2B,09,1
CA,0,90.0,2,420,0,0,0,0,0,0
VI,2, ,0.0,218.0,0,0,0,0,0,0,0,0
FA,SAM,37.686625,26.907078,0,SAM,0.0,0.0,173.0,2,4000,0,0,0,0,0,0
CF,D173J,37.519986,26.918042,0,SAM,173.0,10.0,173.0,2.0,0,0,0,1,210,0,0,1
DF,SAM,37.686625,26.907078,2, ,0.0,0.0,2,6000,0,0,0,0,0,0

SID,ORMO2B,27,1
CA,0,270.0,2,420,0,0,0,0,0,0
VI,1, ,0.0,128.0,0,0,0,0,0,0,0,0
FA,SAM,37.686625,26.907078,0,SAM,0.0,0.0,173.0,2,4000,0,0,0,0,0,0
CF,D173J,37.519986,26.918042,0,SAM,173.0,10.0,173.0,2.0,0,0,0,1,210,0,0,1
DF,SAM,37.686625,26.907078,2, ,0.0,0.0,2,6000,0,0,0,0,0,0

SID,ORMO2B,ALL,2
IF,SAM,37.686625,26.907078, ,0.0,0.0,2,6000,0,0,0,0,0,0
TF,ORMOS,37.842500,26.580833,0, ,0.0,0.0,0.0,0.0,0,0,0,0,0,0,0,0

SID,URNI2B,09,1
CA,0,90.0,2,420,0,0,0,0,0,0
VI,2, ,0.0,218.0,0,0,0,0,0,0,0,0
FA,SAM,37.686625,26.907078,0,SAM,0.0,0.0,173.0,2,4000,0,0,0,0,0,0
CF,D173J,37.519986,26.918042,0,SAM,173.0,10.0,173.0,2.0,0,0,0,1,210,0,0,1
DF,SAM,37.686625,26.907078,2, ,0.0,0.0,2,6000,0,0,0,0,0,0

SID,URNI2B,27,1
CA,0,270.0,2,420,0,0,0,0,0,0
VI,1, ,0.0,128.0,0,0,0,0,0,0,0,0
FA,SAM,37.686625,26.907078,0,SAM,0.0,0.0,173.0,2,4000,0,0,0,0,0,0
CF,D173J,37.519986,26.918042,0,SAM,173.0,10.0,173.0,2.0,0,0,0,1,210,0,0,1
DF,SAM,37.686625,26.907078,2, ,0.0,0.0,2,6000,0,0,0,0,0,0

SID,URNI2B,ALL,2
IF,SAM,37.686625,26.907078, ,0.0,0.0,2,6000,0,0,0,0,0,0
TF,URNIL,37.685000,26.528611,0, ,0.0,0.0,0.0,0.0,0,0,0,0,0,0,0,0

STAR,LARK2A,ALL,2
IF,LARKI,37.398889,26.838333, ,0.0,0.0,0,0,0,0,0,0,0,0
TF,SAM,37.686625,26.907078,0, ,0.0,0.0,0.0,0.0,0,0,0,0,0,0,0,0

STAR,ORMO1C,ALL,2
IF,ORMOS,37.842500,26.580833, ,0.0,0.0,0,0,0,0,0,0,0,0
TF,D297P,37.824517,26.618900,0, ,0.0,0.0,0.0,0.0,0,0,0,0,0,0,0,0
CI,0, ,0.0,117.0,0,0,0,0,0,0,0,0
AF,DELOX,37.510556,26.713333,1,SAM,217.3,14.0,297.0,0,0,0,0,0,0,0,0

STAR,ORMO2A,ALL,2
IF,ORMOS,37.842500,26.580833, ,0.0,0.0,0,0,0,0,0,0,0,0
TF,D297J,37.773217,26.727247,0, ,0.0,0.0,0.0,0.0,0,0,0,0,0,0,0,0
TF,SAM,37.686625,26.907078,0, ,0.0,0.0,0.0,0.0,0,0,0,0,0,0,0,0

STAR,URNI1C,ALL,2
IF,URNIL,37.685000,26.528611, ,0.0,0.0,0,0,0,0,0,0,0,0
TF,D266P,37.685344,26.571561,0, ,0.0,0.0,0.0,0.0,0,0,0,0,0,0,0,0
CI,0, ,0.0,86.0,0,0,0,0,0,0,0,0
AF,DELOX,37.510556,26.713333,1,SAM,217.3,14.0,266.0,0,0,0,0,0,0,0,0

STAR,URNI2A,ALL,2
IF,URNIL,37.685000,26.528611, ,0.0,0.0,0,0,0,0,0,0,0,0
TF,D266J,37.686264,26.697536,0, ,0.0,0.0,0.0,0.0,0,0,0,0,0,0,0,0
TF,SAM,37.686625,26.907078,0, ,0.0,0.0,0.0,0.0,0,0,0,0,0,0,0,0

APPTR,D09-A,09,DELOX
IF,DELOX,37.510556,26.713333, ,0.0,0.0,2,7000,0,0,0,0,1,0
AF,D189N,37.459856,26.841572,1,SAM,189.0,13.9,217.0,2,3000,0,0,0,0,0,0
CF,FD358,37.536111,26.899722,0,SAM,178.2,9.0,358.0,5.0,2,3000,0,0,0,0,0,0

APPTR,D09-A,09,LARKI
IF,LARKI,37.398889,26.838333, ,0.0,0.0,2,4000,0,0,0,0,1,0
CF,D178N,37.452500,26.895556,0,SAM,178.3,14.0,36.0,4.2,2,3000,0,0,0,0,1,0
CF,FD358,37.536111,26.899722,0,SAM,178.2,9.0,358.0,5.0,2,3000,0,0,0,0,0,0

APPTR,D09-A,09,SAM
IF,SAM,37.686625,26.907078, ,0.0,0.0,2,6000,0,0,0,0,1,0
FD,SAM,37.686625,26.907078,0,SAM,0.0,9.0,160.0,9.0,2,3000,0,1,200,0,0,0
CF,FD358,37.536111,26.899722,2,SAM,178.2,9.0,358.0,1.0,2,3000,0,0,0,0,0,0

FINAL,D09-A,09,D,2
IF,FD358,37.536111,26.899722,SAM,178.2,9.0,2,3000,0,0,0,0,2,0
CF,SAM,37.686625,26.907078,0,SAM,0.0,0.0,358.0,9.0,1,2470,0,0,0,0,3,0
FA,SAM,37.686625,26.907078,0,SAM,0.0,0.0,358.0,2,3000,0,0,0,0,0,0
DF,SAM,37.686625,26.907078,2, ,0.0,0.0,1,6000,0,1,185,0,0,0

APPTR,D27-A,27,DELOX
IF,DELOX,37.510556,26.713333, ,0.0,0.0,2,7000,0,0,0,0,1,0
AF,D189N,37.459856,26.841572,1,SAM,189.0,13.9,217.0,2,3000,0,0,0,0,0,0
CF,FD358,37.536111,26.899722,0,SAM,178.2,9.0,358.0,5.0,2,3000,0,0,0,0,0,0

APPTR,D27-A,27,LARKI
IF,LARKI,37.398889,26.838333, ,0.0,0.0,2,4000,0,0,0,0,1,0
CF,D178N,37.452500,26.895556,0,SAM,178.3,14.0,36.0,4.2,2,3000,0,0,0,0,1,0
CF,FD358,37.536111,26.899722,0,SAM,178.2,9.0,358.0,5.0,2,3000,0,0,0,0,0,0

APPTR,D27-A,27,SAM
IF,SAM,37.686625,26.907078, ,0.0,0.0,2,6000,0,0,0,0,1,0
FD,SAM,37.686625,26.907078,0,SAM,0.0,9.0,160.0,9.0,2,3000,0,1,200,0,0,0
CF,FD358,37.536111,26.899722,2,SAM,178.2,9.0,358.0,1.0,2,3000,0,0,0,0,0,0

FINAL,D27-A,27,D,2
IF,FD358,37.536111,26.899722,SAM,178.2,9.0,2,3000,0,0,0,0,2,0
CF,SAM,37.686625,26.907078,0,SAM,0.0,0.0,358.0,9.0,1,2470,0,0,0,0,3,0
FA,SAM,37.686625,26.907078,0,SAM,0.0,0.0,358.0,2,3000,0,0,0,0,0,0
DF,SAM,37.686625,26.907078,2, ,0.0,0.0,1,6000,0,1,185,0,0,0

