APPTR,Q19-Y,19,BAVMA
IF,BAVMA,46.781667,22.060556, ,0.0,0.0,2,5000,0,0,0,0,0,0
TF,ORA,47.100361,21.924139,0, ,0.0,0.0,0.0,0.0,2,3000,0,0,0,0,1,0
HF,ORA,47.100361,21.924139,2, ,0.0,0.0,25.0,04.3,2,3000,0,1,230,0,0,0,0
FD,ORA,47.100361,21.924139,0,IOD,0.0,12.0,18.0,12.0,2,3000,0,1,140,0,0,0
CF,FIKHU,47.226889,21.960806,1,BKS,48.5,44.5,186.0,1.0,2,3000,0,0,0,0,1,0

APPTR,Q19-Y,19,ORA
FD,ORA,47.100361,21.924139,0,IOD,0.0,12.0,18.0,12.0,2,3000,0,1,140,0,1,0
CF,FIKHU,47.226889,21.960806,1,BKS,48.5,44.5,186.0,1.0,2,3000,0,0,0,0,1,0

APPTR,Q19-Y,19,ORXIK
IF,ORXIK,47.151944,22.245278, ,0.0,0.0,2,6000,0,0,0,0,0,0
TF,ORA,47.100361,21.924139,0, ,0.0,0.0,0.0,0.0,2,3000,0,0,0,0,1,0
HF,ORA,47.100361,21.924139,2, ,0.0,0.0,25.0,04.3,2,3000,0,1,230,0,0,0,0
FD,ORA,47.100361,21.924139,0,IOD,0.0,12.0,18.0,12.0,2,3000,0,1,140,0,0,0
CF,FIKHU,47.226889,21.960806,1,BKS,48.5,44.5,186.0,1.0,2,3000,0,0,0,0,1,0

APPTR,Q19-Y,19,RUPUG
IF,RUPUG,46.909167,22.253056, ,0.0,0.0,2,5000,0,0,0,0,0,0
TF,ORA,47.100361,21.924139,0, ,0.0,0.0,0.0,0.0,2,3000,0,0,0,0,1,0
HF,ORA,47.100361,21.924139,2, ,0.0,0.0,25.0,04.3,2,3000,0,1,230,0,0,0,0
FD,ORA,47.100361,21.924139,0,IOD,0.0,12.0,18.0,12.0,2,3000,0,1,140,0,0,0
CF,FIKHU,47.226889,21.960806,1,BKS,48.5,44.5,186.0,1.0,2,3000,0,0,0,0,1,0

APPTR,Q19-Y,19,TUVNU
IF,TUVNU,46.810000,21.673333, ,0.0,0.0,2,6000,0,0,0,0,0,0
TF,ORA,47.100361,21.924139,0, ,0.0,0.0,0.0,0.0,2,3000,0,0,0,0,1,0
FD,ORA,47.100361,21.924139,0,IOD,0.0,12.0,18.0,12.0,2,3000,0,1,140,0,0,0
CF,FIKHU,47.226889,21.960806,1,BKS,48.5,44.5,186.0,1.0,2,3000,0,0,0,0,1,0

APPTR,Q19-Y,19,URNEQ
IF,URNEQ,47.238889,22.135278, ,0.0,0.0,2,6000,0,0,0,0,0,0
TF,ORA,47.100361,21.924139,0, ,0.0,0.0,0.0,0.0,2,3000,0,0,0,0,1,0
HF,ORA,47.100361,21.924139,2, ,0.0,0.0,25.0,04.3,2,3000,0,1,230,0,0,0,0
FD,ORA,47.100361,21.924139,0,IOD,0.0,12.0,18.0,12.0,2,3000,0,1,140,0,0,0
CF,FIKHU,47.226889,21.960806,1,BKS,48.5,44.5,186.0,1.0,2,3000,0,0,0,0,1,0

FINAL,Q19-Y,19,N,4
IF,FIKHU,47.226889,21.960806,ORA,0.0,0.0,2,3000,0,0,0,0,0,0
CF,ORA,47.100361,21.924139,0,ORA,0.0,0.0,186.0,7.7,2,1800,0,0,0,0,2,0
CF,21DME,47.064722,21.913833,0,ORA,0.0,0.0,186.0,2.2,2,1110,0,0,0,0,0,0
CF,RW19,47.033253,21.904700,0,IOD,0.0,0.2,186.0,1.9,1,500,0,0,0,0,3,0
CF,D006G,46.916175,21.870900,0,BKS,71.7,33.6,186.0,7.2,0,0,0,0,0,0,0,1
DF,ORA,47.100361,21.924139,2, ,0.0,0.0,1,3000,0,0,0,0,0,0
HM,ORA,47.100361,21.924139,2, ,0.0,0.0,25.0,04.3,2,3000,0,1,230,0,0,0,0

APPTR,Q19-Z,19,BAVMA
IF,BAVMA,46.781667,22.060556, ,0.0,0.0,2,5000,0,0,0,0,0,0
TF,ORA,47.100361,21.924139,0, ,0.0,0.0,0.0,0.0,2,3000,0,0,0,0,1,0
HF,ORA,47.100361,21.924139,2, ,0.0,0.0,25.0,04.3,2,3000,0,1,230,0,0,0,0
FD,ORA,47.100361,21.924139,0,IOD,0.0,12.0,30.0,12.0,2,3000,0,1,210,0,0,0
CF,FIKHU,47.226889,21.960806,1,BKS,48.5,44.5,186.0,1.0,2,3000,0,0,0,0,1,0

APPTR,Q19-Z,19,ORA
FD,ORA,47.100361,21.924139,0,IOD,0.0,12.0,30.0,12.0,2,3000,0,1,210,0,1,0
CF,FIKHU,47.226889,21.960806,1,BKS,48.5,44.5,186.0,1.0,2,3000,0,0,0,0,1,0

APPTR,Q19-Z,19,ORXIK
IF,ORXIK,47.151944,22.245278, ,0.0,0.0,2,6000,0,0,0,0,0,0
TF,ORA,47.100361,21.924139,0, ,0.0,0.0,0.0,0.0,2,3000,0,0,0,0,1,0
HF,ORA,47.100361,21.924139,2, ,0.0,0.0,25.0,04.3,2,3000,0,1,230,0,0,0,0
FD,ORA,47.100361,21.924139,0,IOD,0.0,12.0,30.0,12.0,2,3000,0,1,210,0,0,0
CF,FIKHU,47.226889,21.960806,1,BKS,48.5,44.5,186.0,1.0,2,3000,0,0,0,0,1,0

APPTR,Q19-Z,19,RUPUG
IF,RUPUG,46.909167,22.253056, ,0.0,0.0,2,5000,0,0,0,0,0,0
TF,ORA,47.100361,21.924139,0, ,0.0,0.0,0.0,0.0,2,3000,0,0,0,0,1,0
HF,ORA,47.100361,21.924139,2, ,0.0,0.0,25.0,04.3,2,3000,0,1,230,0,0,0,0
FD,ORA,47.100361,21.924139,0,IOD,0.0,12.0,30.0,12.0,2,3000,0,1,210,0,0,0
CF,FIKHU,47.226889,21.960806,1,BKS,48.5,44.5,186.0,1.0,2,3000,0,0,0,0,1,0

APPTR,Q19-Z,19,TUVNU
IF,TUVNU,46.810000,21.673333, ,0.0,0.0,2,6000,0,0,0,0,0,0
TF,ORA,47.100361,21.924139,0, ,0.0,0.0,0.0,0.0,2,3000,0,0,0,0,1,0
FD,ORA,47.100361,21.924139,0,IOD,0.0,12.0,30.0,12.0,2,3000,0,1,210,0,0,0
CF,FIKHU,47.226889,21.960806,1,BKS,48.5,44.5,186.0,1.0,2,3000,0,0,0,0,1,0

APPTR,Q19-Z,19,URNEQ
IF,URNEQ,47.238889,22.135278, ,0.0,0.0,2,6000,0,0,0,0,0,0
TF,ORA,47.100361,21.924139,0, ,0.0,0.0,0.0,0.0,2,3000,0,0,0,0,1,0
HF,ORA,47.100361,21.924139,2, ,0.0,0.0,25.0,04.3,2,3000,0,1,230,0,0,0,0
FD,ORA,47.100361,21.924139,0,IOD,0.0,12.0,30.0,12.0,2,3000,0,1,210,0,0,0
CF,FIKHU,47.226889,21.960806,1,BKS,48.5,44.5,186.0,1.0,2,3000,0,0,0,0,1,0

FINAL,Q19-Z,19,N,4
IF,FIKHU,47.226889,21.960806,ORA,0.0,0.0,2,3000,0,0,0,0,0,0
CF,ORA,47.100361,21.924139,0,ORA,0.0,0.0,186.0,7.7,2,1800,0,0,0,0,2,0
CF,21DME,47.064722,21.913833,0,ORA,0.0,0.0,186.0,2.2,2,1110,0,0,0,0,0,0
CF,RW19,47.033253,21.904700,0,IOD,0.0,0.2,186.0,1.9,1,500,0,0,0,0,3,0
CF,D006G,46.916175,21.870900,0,BKS,71.7,33.6,186.0,7.2,0,0,0,0,0,0,0,1
DF,ORA,47.100361,21.924139,2, ,0.0,0.0,1,3000,0,1,200,0,0,0
HM,ORA,47.100361,21.924139,2, ,0.0,0.0,25.0,04.3,2,3000,0,1,230,0,0,0,0

