SID,KOSI1E,10,5
CF,UZ301,43.873639,19.811222,0,VAL,180.8,27.2,102.0,5.0,0,0,0,1,220,0,0,0
TF,UZ302,43.849028,19.921278,0, ,0.0,0.0,0.0,0.0,0,0,0,1,220,0,0,0
TF,UZ303,43.928639,19.955389,0, ,0.0,0.0,0.0,0.0,0,0,0,1,220,0,0,0
TF,KOSIV,44.026861,19.809083,0, ,0.0,0.0,0.0,0.0,2,10000,0,1,250,0,0,0

SID,KOSI1F,28,5
CF,UZ401,43.927333,19.569028,0,VAL,204.2,27.2,282.0,5.0,0,0,0,1,185,0,0,0
TF,UZ402,43.847611,19.535417,0, ,0.0,0.0,0.0,0.0,0,0,0,1,200,0,0,0
TF,UZ403,43.813528,19.689556,0, ,0.0,0.0,0.0,0.0,0,0,0,1,200,0,0,0
TF,UZ404,43.949639,19.765722,0, ,0.0,0.0,0.0,0.0,0,0,0,1,250,0,0,0
TF,KOSIV,44.026861,19.809083,0, ,0.0,0.0,0.0,0.0,2,10000,0,1,250,0,0,0

SID,TORT1E,10,5
CF,UZ301,43.873639,19.811222,0,VAL,180.8,27.2,102.0,5.0,0,0,0,1,220,0,0,0
TF,UZ304,43.770917,19.871694,0, ,0.0,0.0,0.0,0.0,0,0,0,1,250,0,0,0
TF,TORTO,43.670833,19.731389,0, ,0.0,0.0,0.0,0.0,2,9000,0,1,250,0,0,0

SID,TORT1F,28,5
CF,UZ401,43.927333,19.569028,0,VAL,204.2,27.2,282.0,5.0,0,0,0,1,185,0,0,0
TF,UZ402,43.847611,19.535417,0, ,0.0,0.0,0.0,0.0,0,0,0,1,200,0,0,0
TF,UZ405,43.756694,19.636389,0, ,0.0,0.0,0.0,0.0,0,0,0,1,250,0,0,0
TF,TORTO,43.670833,19.731389,0, ,0.0,0.0,0.0,0.0,2,9000,0,1,250,0,0,0

STAR,KOSI1B,28,5
IF,KOSIV,44.026861,19.809083, ,0.0,0.0,0,0,0,0,0,0,0,0
TF,UZ203,43.932500,19.938222,0, ,0.0,0.0,0.0,0.0,2,4400,0,1,210,0,0,0
TF,UZ202,43.852889,19.904111,0, ,0.0,0.0,0.0,0.0,2,4400,0,1,210,0,0,0

STAR,TORT1B,28,5
IF,TORTO,43.670833,19.731389, ,0.0,0.0,0,0,0,0,0,0,0,0
TF,UZ205,43.730500,19.812056,0, ,0.0,0.0,0.0,0.0,2,6000,0,1,250,0,0,0
TF,UZ204,43.773250,19.870111,0, ,0.0,0.0,0.0,0.0,2,4400,0,1,210,0,0,0
TF,UZ202,43.852889,19.904111,0, ,0.0,0.0,0.0,0.0,2,4400,0,1,210,0,0,0

APPTR,R28,28,UZ202
IF,UZ202,43.852889,19.904111, ,0.0,0.0,2,4400,0,1,210,0,1,0
TF,UZ201,43.867639,19.838083,0, ,0.0,0.0,0.0,0.0,2,4400,0,0,0,0,1,0

FINAL,R28,28,R,3
IF,UZ201,43.867639,19.838083, ,0.0,0.0,2,4400,0,0,0,0,0,0
TF,UZ28F,43.877472,19.794056,0, ,0.0,0.0,282.0,2.0,2,4400,0,0,0,0,2,0
TF,RW28,43.898742,19.698333,0, ,0.0,0.0,282.0,4.3,1,3000,0,0,0,0,3,1
TF,UZ210,43.909528,19.649861,0, ,0.0,0.0,0.0,0.0,0,0,0,0,0,0,0,1
DF,UZ202,43.852889,19.904111,1, ,0.0,0.0,1,4400,0,1,175,0,0,0
HM,UZ202,43.852889,19.904111,2, ,0.0,0.0,282.0,04.3,2,4400,0,1,210,0,0,0,0

