SID,NIPPO7,10,1
CA,0,109.0,2,700,0,0,0,0,0,0
VI,1, ,0.0,351.0,0,0,0,0,0,0,0,0
CF,NIPPO,32.736467,131.883406,0,NHT,35.9,44.9,36.0,41.0,0,0,0,0,0,0,0,0

SID,NIPPO7,28,1
CA,0,289.0,2,700,0,0,0,0,0,0
CI,1, ,0.0,6.0,0,0,0,0,0,0,0,0
CF,NIPPO,32.736467,131.883406,0,NHT,35.9,44.9,36.0,43.0,0,0,0,0,0,0,0,0

SID,NIPPO7,ASHIZ,3
IF,NIPPO,32.736467,131.883406, ,0.0,0.0,0,0,0,0,0,0,0,0
TF,SUC,32.755969,132.996647,0, ,0.0,0.0,0.0,0.0,0,0,0,0,0,0,0,0

SID,NIPPO7,NOBEO,3
IF,NIPPO,32.736467,131.883406, ,0.0,0.0,0,0,0,0,0,0,0,0
DF,NHT,32.080411,131.453783,2, ,0.0,0.0,0,0,0,0,0,0,0,0

SID,NIPPO7,TFE,3
IF,NIPPO,32.736467,131.883406, ,0.0,0.0,0,0,0,0,0,0,0,0
TF,TFE,33.489714,131.728756,0, ,0.0,0.0,0.0,0.0,0,0,0,0,0,0,0,0

SID,SAITO1,28,2
CA,0,289.0,2,700,0,0,0,0,0,0
VI,2, ,0.0,81.0,0,0,0,0,0,0,0,0
CF,NIPPO,32.736467,131.883406,0,NHT,35.9,44.9,36.0,40.0,0,0,0,0,0,0,0,0

SID,SAITO1,ASHIZ,3
IF,NIPPO,32.736467,131.883406, ,0.0,0.0,0,0,0,0,0,0,0,0
TF,SUC,32.755969,132.996647,0, ,0.0,0.0,0.0,0.0,0,0,0,0,0,0,0,0

SID,SAITO1,NOBEO,3
IF,NIPPO,32.736467,131.883406, ,0.0,0.0,0,0,0,0,0,0,0,0
DF,NHT,32.080411,131.453783,2, ,0.0,0.0,0,0,0,0,0,0,0,0

SID,SAITO1,TFE,3
IF,NIPPO,32.736467,131.883406, ,0.0,0.0,0,0,0,0,0,0,0,0
TF,TFE,33.489714,131.728756,0, ,0.0,0.0,0.0,0.0,0,0,0,0,0,0,0,0

SID,TENSO4,10,1
CA,0,109.0,2,700,0,0,0,0,0,0
CF,NHT35,32.380097,132.044233,0,NHT,66.0,35.0,66.0,34.0,0,0,0,0,0,0,0,0

SID,TENSO4,28,1
CA,0,289.0,2,700,0,0,0,0,0,0
CI,1, ,0.0,21.0,0,0,0,0,0,0,0,0
CF,NHT35,32.380097,132.044233,0,NHT,66.0,35.0,66.0,33.0,0,0,0,0,0,0,0,0

SID,TENSO4,ALL,2
IF,NHT35,32.380097,132.044233, ,0.0,0.0,0,0,0,0,0,0,0,0
AF,NH35A,32.288264,132.096222,2,NHT,76.0,35.0,66.0,2,13000,0,0,0,0,0,0
AF,NH35B,32.190150,132.128561,2,NHT,86.0,35.0,76.0,0,0,0,0,0,0,0,0
TF,TENSO,32.296511,132.810258,0, ,0.0,0.0,0.0,0.0,0,0,0,0,0,0,0,0

STAR,TENSO,28,2
IF,TENSO,32.296511,132.810258, ,0.0,0.0,0,0,0,0,0,0,0,0
TF,UBSOL,32.174697,132.033481,0, ,0.0,0.0,0.0,0.0,2,10000,0,0,0,0,0,0

FINAL,I28-X,28,I,3
IF,CI28,32.057261,131.606367,INH,108.3,8.9,1,2000,0,0,0,0,0,0
CF,FF28,32.063858,131.567914,0,INH,108.3,6.9,289.0,2.0,1,2000,0,0,0,0,2,0
CF,RW28,32.081325,131.465786,0,INH,108.3,1.6,289.0,5.3,1,289,0,0,0,0,3,0
CA,0,289.0,2,700,0,0,0,0,0,0
CF,ZARON,32.261586,131.807292,2,MZE,46.3,29.7,66.0,21.0,2,5000,0,0,0,0,0,0
HM,ZARON,32.261586,131.807292,1, ,0.0,0.0,246.0,07,2,5000,0,0,0,0,0,0,0

APPTR,I28-Y,28,HYUGA
IF,HYUGA,32.131431,132.039386, ,0.0,0.0,4,15000,10000,0,0,0,1,0
TF,D094W,32.099714,131.904442,0, ,0.0,0.0,0.0,0.0,3,10000,0,0,0,0,0,0
VD, ,0,0,0,NHT,0.0,0.0,260.0,15.0,3,7000,0,0,0,0,0,0
CF,CF28,32.056931,131.608289,0,INH,108.3,9.0,289.0,7.0,1,2000,0,0,0,0,0,0

FINAL,I28-Y,28,I,3
IF,CF28,32.056931,131.608289,INH,108.3,9.0,1,2000,0,0,0,0,0,0
CF,FF28,32.063858,131.567914,0,INH,108.3,6.9,289.0,2.1,1,2000,0,0,0,0,2,0
CF,RW28,32.081325,131.465786,0,INH,108.3,1.6,289.0,5.3,1,289,0,0,0,0,3,0
CA,0,289.0,2,700,0,0,0,0,0,0
CF,ZARON,32.261586,131.807292,2,MZE,46.3,29.7,66.0,21.0,2,5000,0,0,0,0,0,0
HM,ZARON,32.261586,131.807292,1, ,0.0,0.0,246.0,07,2,5000,0,0,0,0,0,0,0

APPTR,I28-Z,28,ZARON
IF,ZARON,32.261586,131.807292, ,0.0,0.0,4,6000,5000,0,0,0,1,0
AF,D109U,32.006778,131.856792,2,NHT,109.0,21.0,66.0,0,0,0,0,0,0,0,0
CF,CF28,32.056931,131.608289,0,INH,108.3,9.0,289.0,13.0,1,2000,0,0,0,0,0,0

FINAL,I28-Z,28,I,3
IF,CF28,32.056931,131.608289,INH,108.3,9.0,1,2000,0,0,0,0,0,0
CF,FF28,32.063858,131.567914,0,INH,108.3,6.9,289.0,2.1,1,2000,0,0,0,0,2,0
CF,RW28,32.081325,131.465786,0,INH,108.3,1.6,289.0,5.3,1,289,0,0,0,0,3,0
CA,0,289.0,2,700,0,0,0,0,0,0
CF,ZARON,32.261586,131.807292,2,MZE,46.3,29.7,66.0,21.0,2,5000,0,0,0,0,0,0
HM,ZARON,32.261586,131.807292,1, ,0.0,0.0,246.0,07,2,5000,0,0,0,0,0,0,0

APPTR,T28-Y,28,UBSOL
IF,UBSOL,32.174697,132.033481, ,0.0,0.0,2,10000,0,0,0,0,1,0
TF,D086U,32.146533,131.858489,0, ,0.0,0.0,0.0,0.0,0,0,0,0,0,0,0,0
AF,D104U,32.039314,131.862803,2,NHT,103.6,21.0,86.0,0,0,0,0,0,0,0,0
TF,AKBOX,32.057097,131.687475,0, ,0.0,0.0,0.0,0.0,2,3000,0,0,0,0,1,0

FINAL,T28-Y,28,D,3
IF,AKBOX,32.057097,131.687475,NHT,103.6,12.0,2,3000,0,0,0,0,0,0
CF,PAKMU,32.066864,131.590122,0,NHT,103.6,7.0,284.0,5.0,2,2325,0,0,0,0,2,0
CF,MT28,32.077519,131.483011,0,NHT,103.6,1.5,284.0,5.5,1,576,0,0,0,0,3,0
VA,0,284.0,2,700,0,0,0,0,0,0
VI,2, ,0.0,111.0,0,0,0,0,0,0,0,0
CF,ZARON,32.261586,131.807292,0,NHT,65.8,21.0,66.0,16.0,2,5000,0,0,0,0,0,0
HM,ZARON,32.261586,131.807292,1, ,0.0,0.0,246.0,05,2,5000,0,1,230,0,0,0,0

APPTR,T28-Z,28,ZARON
IF,ZARON,32.261586,131.807292, ,0.0,0.0,2,5000,0,0,0,0,1,0
AF,D104U,32.039314,131.862803,2,NHT,103.6,21.0,66.0,0,0,0,0,0,0,0,0
TF,AKBOX,32.057097,131.687475,0, ,0.0,0.0,0.0,0.0,2,3000,0,0,0,0,1,0

FINAL,T28-Z,28,D,3
IF,AKBOX,32.057097,131.687475,NHT,103.6,12.0,2,3000,0,0,0,0,0,0
CF,PAKMU,32.066864,131.590122,0,NHT,103.6,7.0,284.0,5.0,2,2325,0,0,0,0,2,0
CF,MT28,32.077519,131.483011,0,NHT,103.6,1.5,284.0,5.5,1,576,0,0,0,0,3,0
VA,0,284.0,2,700,0,0,0,0,0,0
VI,2, ,0.0,111.0,0,0,0,0,0,0,0,0
CF,ZARON,32.261586,131.807292,0,NHT,65.8,21.0,66.0,16.0,1,5000,0,0,0,0,0,0
HM,ZARON,32.261586,131.807292,1, ,0.0,0.0,246.0,05,2,5000,0,1,230,0,0,0,0

