APPTR,D20,20,PAR
IF,PAR,-31.808369,-60.484608, ,0.0,0.0,0,0,0,0,0,0,1,0
FD,PAR,-31.808369,-60.484608,0,PAR,0.0,9.5,33.0,9.5,2,2100,0,0,0,0,0,0
CF,CD20,-31.651644,-60.455589,1,PAR,18.0,9.5,198.0,1.0,2,2100,0,0,0,0,0,0

FINAL,D20,20,D,3
IF,CD20,-31.651644,-60.455589,PAR,18.0,9.5,2,2100,0,0,0,0,0,0
CF,FD20,-31.717633,-60.467794,0,PAR,18.0,5.5,198.0,4.0,2,1000,0,0,0,0,2,0
CF,MD20,-31.772075,-60.477878,0,PAR,18.0,2.2,198.0,3.3,1,545,0,0,0,0,3,0
VM,0,0,0,198.0,2,3000,0,0,0,0,0,0

APPTR,I20,20,D021K
IF,D021K,-31.628647,-60.439961, ,0.0,0.0,0,0,0,0,0,0,1,0
CF,CF20,-31.652978,-60.455764,0,PA,17.4,9.4,198.0,2.0,2,2100,0,0,0,0,0,0

APPTR,I20,20,D087K
IF,D087K,-31.769994,-60.274247, ,0.0,0.0,0,0,0,0,0,0,1,0
AF,D024K,-31.630886,-60.429028,1,PAR,24.0,11.0,87.0,0,0,0,0,0,0,0,1
CF,CF20,-31.652978,-60.455764,0,PA,17.4,9.4,198.0,2.0,2,2100,0,0,0,0,0,0

APPTR,I20,20,D284K
IF,D284K,-31.792175,-60.698900, ,0.0,0.0,0,0,0,0,0,0,1,0
AF,D004K,-31.625336,-60.503322,2,PAR,4.0,11.0,284.0,0,0,0,0,0,0,0,1
CF,CF20,-31.652978,-60.455764,0,PA,17.4,9.4,198.0,2.0,2,2100,0,0,0,0,0,0

APPTR,I20,20,D334K
IF,D334K,-31.657806,-60.607811, ,0.0,0.0,0,0,0,0,0,0,1,0
AF,D004K,-31.625336,-60.503322,2,PAR,4.0,11.0,334.0,0,0,0,0,0,0,0,1
CF,CF20,-31.652978,-60.455764,0,PA,17.4,9.4,198.0,2.0,2,2100,0,0,0,0,0,0

APPTR,I20,20,PAR
IF,PAR,-31.808369,-60.484608, ,0.0,0.0,0,0,0,0,0,0,1,0
FD,PAR,-31.808369,-60.484608,0,PAR,0.0,9.5,33.0,9.5,2,2100,0,0,0,0,0,0
CF,CF20,-31.652978,-60.455764,1,PA,17.4,9.4,198.0,1.0,2,2100,0,0,0,0,0,0

FINAL,I20,20,I,3
IF,CF20,-31.652978,-60.455764,PA,17.4,9.4,2,2100,0,0,0,0,0,0
CF,FF20,-31.694283,-60.462919,0,PA,17.4,6.9,198.0,2.5,1,2100,0,0,0,0,2,0
CF,RW20,-31.785397,-60.478733,0,PA,17.4,1.4,198.0,5.5,1,291,0,0,0,0,3,0
VM,0,0,0,198.0,2,3000,0,0,0,0,0,0

