APPTR,D26,26,ARADO
IF,ARADO,24.026667,73.719722, ,0.0,0.0,0,0,0,0,0,0,0,0
TF,D195O,24.372689,73.821953,0, ,0.0,0.0,0.0,0.0,0,0,0,0,0,0,1,0
CI,0, ,0.0,15.0,0,0,0,0,0,0,0,0
AF,D170M,24.400656,73.935022,1,UUD,170.0,13.0,195.0,2,4700,0,0,0,0,0,0
AF,D077M,24.663436,74.125561,1,UUD,77.0,13.0,170.0,2,4000,0,0,0,0,1,0
CF,FD26,24.640997,74.018575,0,UUD,77.0,7.0,257.0,6.0,2,3700,0,0,0,0,0,0

APPTR,D26,26,JDP
IF,JDP,26.249500,73.043250, ,0.0,0.0,0,0,0,0,0,0,0,0
TF,D335O,24.841775,73.777189,0, ,0.0,0.0,0.0,0.0,0,0,0,0,0,0,1,0
CI,0, ,0.0,155.0,0,0,0,0,0,0,0,0
AF,D360M,24.832078,73.893806,2,UUD,0.0,13.0,335.0,2,5400,0,0,0,0,0,0
AF,D077M,24.663436,74.125561,2,UUD,77.0,13.0,360.0,2,4000,0,0,0,0,1,0
CF,FD26,24.640997,74.018575,0,UUD,77.0,7.0,257.0,6.0,2,3700,0,0,0,0,0,0

APPTR,D26,26,PRA
IF,PRA,24.037222,74.743889, ,0.0,0.0,0,0,0,0,0,0,0,0
TF,D126O,24.465811,74.114422,0, ,0.0,0.0,0.0,0.0,0,0,0,0,0,0,1,0
CI,0, ,0.0,306.0,0,0,0,0,0,0,0,0
AF,D077M,24.663436,74.125561,1,UUD,77.0,13.0,126.0,2,4000,0,0,0,0,1,0
CF,FD26,24.640997,74.018575,0,UUD,77.0,7.0,257.0,6.0,2,3700,0,0,0,0,0,0

APPTR,D26,26,RUPEN
IF,RUPEN,25.141944,74.532222, ,0.0,0.0,0,0,0,0,0,0,0,0
TF,D047O,24.783333,74.097025,0, ,0.0,0.0,0.0,0.0,0,0,0,0,0,0,1,0
CI,0, ,0.0,227.0,0,0,0,0,0,0,0,0
AF,D077M,24.663436,74.125561,2,UUD,77.0,13.0,48.0,2,4000,0,0,0,0,1,0
CF,FD26,24.640997,74.018575,0,UUD,77.0,7.0,257.0,6.0,2,3700,0,0,0,0,0,0

APPTR,D26,26,UGISO
IF,UGISO,24.358333,73.685833, ,0.0,0.0,0,0,0,0,0,0,0,0
TF,D217O,24.413364,73.730381,0, ,0.0,0.0,0.0,0.0,0,0,0,0,0,0,1,0
CI,0, ,0.0,37.0,0,0,0,0,0,0,0,0
AF,D170M,24.400656,73.935022,1,UUD,170.0,13.0,217.0,2,4700,0,0,0,0,0,0
AF,D077M,24.663436,74.125561,1,UUD,77.0,13.0,170.0,2,4000,0,0,0,0,1,0
CF,FD26,24.640997,74.018575,0,UUD,77.0,7.0,257.0,6.0,2,3700,0,0,0,0,0,0

APPTR,D26,26,UUD1
IF,UUD,24.614722,73.893806, ,0.0,0.0,2,4700,0,0,0,0,0,0
TF,D056I,24.698806,74.030358,0, ,0.0,0.0,0.0,0.0,2,3700,0,1,210,0,0,1
CF,FD26,24.640997,74.018575,2,UUD,77.0,7.0,257.0,2.0,2,3700,0,0,0,0,0,0

APPTR,D26,26,UUD2
IF,UUD,24.614722,73.893806, ,0.0,0.0,2,4700,0,0,0,0,0,0
TF,D067I,24.673442,74.045394,0, ,0.0,0.0,0.0,0.0,2,3700,0,0,0,0,0,1
CF,FD26,24.640997,74.018575,2,UUD,77.0,7.0,257.0,2.0,2,3700,0,0,0,0,0,0

FINAL,D26,26,D,2
IF,FD26,24.640997,74.018575,UUD,77.0,7.0,2,3700,0,0,0,0,2,0
CF,MD26,24.618481,73.911625,0,UUD,77.0,0.0,257.0,6.0,1,1791,0,0,0,0,3,0
FA,MD26,24.618481,73.911625,0,UUD,0.0,0.0,257.0,2,3000,0,0,0,0,0,0
DF,UUD,24.614722,73.893806,1, ,0.0,0.0,1,4700,0,0,0,0,0,0
HM,UUD,24.614722,73.893806,2, ,0.0,0.0,56.0,04.3,2,4700,0,0,0,0,0,0,0

APPTR,I26,26,ARADO
IF,ARADO,24.026667,73.719722, ,0.0,0.0,0,0,0,0,0,0,0,0
TF,D195O,24.372689,73.821953,0, ,0.0,0.0,0.0,0.0,0,0,0,0,0,0,1,0
CI,0, ,0.0,15.0,0,0,0,0,0,0,0,0
AF,D170M,24.400656,73.935022,1,UUD,170.0,13.0,195.0,2,4700,0,0,0,0,0,0
AF,D091M,24.610744,74.131519,1,UUD,91.0,13.0,170.0,2,4000,0,0,0,0,0,0
VI,0,IUDR,0.0,292.0,0,0,0,0,0,0,0,0

APPTR,I26,26,JDP
IF,JDP,26.249500,73.043250, ,0.0,0.0,0,0,0,0,0,0,0,0
TF,D335O,24.841775,73.777189,0, ,0.0,0.0,0.0,0.0,0,0,0,0,0,0,1,0
CI,0, ,0.0,155.0,0,0,0,0,0,0,0,0
AF,D360M,24.832078,73.893806,2,UUD,0.0,13.0,335.0,2,5400,0,0,0,0,0,0
AF,D073M,24.678103,74.121289,2,UUD,73.0,13.0,360.0,2,4000,0,0,0,0,0,0
VI,0,IUDR,0.0,232.0,0,0,0,0,0,0,0,0

APPTR,I26,26,PRA
IF,PRA,24.037222,74.743889, ,0.0,0.0,0,0,0,0,0,0,0,0
TF,D126O,24.465811,74.114422,0, ,0.0,0.0,0.0,0.0,0,0,0,0,0,0,1,0
CI,0, ,0.0,306.0,0,0,0,0,0,0,0,0
AF,D091M,24.610744,74.131519,1,UUD,91.0,13.0,126.0,2,4000,0,0,0,0,0,0
VI,0,IUDR,0.0,292.0,0,0,0,0,0,0,0,0

APPTR,I26,26,RUPEN
IF,RUPEN,25.141944,74.532222, ,0.0,0.0,0,0,0,0,0,0,0,0
TF,D047O,24.783333,74.097025,0, ,0.0,0.0,0.0,0.0,0,0,0,0,0,0,1,0
CI,0, ,0.0,227.0,0,0,0,0,0,0,0,0
AF,D073M,24.678103,74.121289,2,UUD,73.0,13.0,47.0,2,4000,0,0,0,0,0,0
VI,0,IUDR,0.0,232.0,0,0,0,0,0,0,0,0

APPTR,I26,26,UGISO
IF,UGISO,24.358333,73.685833, ,0.0,0.0,0,0,0,0,0,0,0,0
TF,D217O,24.413364,73.730381,0, ,0.0,0.0,0.0,0.0,0,0,0,0,0,0,1,0
CI,0, ,0.0,37.0,0,0,0,0,0,0,0,0
AF,D170M,24.400656,73.935022,1,UUD,170.0,13.0,217.0,2,4700,0,0,0,0,0,0
AF,D091M,24.610744,74.131519,1,UUD,91.0,13.0,170.0,2,4000,0,0,0,0,0,0
VI,0,IUDR,0.0,292.0,0,0,0,0,0,0,0,0

APPTR,I26,26,UUD
IF,UUD,24.614722,73.893806, ,0.0,0.0,2,4700,0,0,0,0,0,0
CI,0, ,0.0,78.0,0,0,0,0,0,0,0,0
CF,FI26,24.634325,74.020100,0,UUD,80.3,7.0,82.0,4.0,2,3700,0,0,0,0,0,0
FC,FI26,24.634325,74.020100,0,UUD,0.0,0.0,127.0,4.4,0,0,0,0,0,0,0,1
CI,1,IUDR,0.0,307.0,0,0,0,0,0,0,0,0

FINAL,I26,26,I,3
IF,CI26,24.648931,74.128692,IUDR,81.6,13.7,2,4000,0,0,0,0,0,0
CF,FI26,24.634325,74.020100,0,IUDR,81.6,7.7,262.0,6.0,1,3700,0,0,0,0,2,0
CF,RW26,24.619067,73.907286,0,IUDR,81.5,1.5,262.0,6.2,1,1719,0,0,0,0,3,0
FA,RW26,24.619067,73.907286,0,UUD,0.0,0.0,262.0,2,3200,0,0,0,0,0,0
DF,UUD,24.614722,73.893806,1, ,0.0,0.0,1,4700,0,0,0,0,0,0
HM,UUD,24.614722,73.893806,2, ,0.0,0.0,78.0,04.3,2,4700,0,0,0,0,0,0,0

APPTR,R26-Y,26,UD263
IF,UD263,24.780517,74.098253, ,0.0,0.0,2,5400,0,1,210,0,1,0
TF,UD261,24.647731,74.119619,0, ,0.0,0.0,0.0,0.0,2,4000,0,1,180,0,1,0

APPTR,R26-Y,26,UD266
IF,UD266,24.465261,74.115792, ,0.0,0.0,2,5400,0,1,210,0,1,0
TF,UD016,24.564336,74.133014,0, ,0.0,0.0,0.0,0.0,2,4000,0,1,210,0,0,0
TF,UD261,24.647731,74.119619,0, ,0.0,0.0,0.0,0.0,2,4000,0,1,180,0,1,0

FINAL,R26-Y,26,R,3
IF,UD261,24.647731,74.119619, ,0.0,0.0,2,4000,0,1,180,0,0,0
TF,UD269,24.635428,74.028192,0, ,0.0,0.0,262.0,5.1,1,3700,0,0,0,0,2,0
TF,RW26,24.619067,73.907286,0, ,0.0,0.0,262.0,6.7,1,1716,0,0,0,0,3,1
CF,UD267,24.601903,73.780650,0,UUD,263.0,6.2,262.0,7.0,0,0,0,1,210,0,0,0
TF,UD268,24.476508,73.781892,0, ,0.0,0.0,0.0,0.0,0,0,0,1,210,0,0,0
TF,UD266,24.465261,74.115792,0, ,0.0,0.0,0.0,0.0,1,5400,0,1,210,0,0,0
HM,UD266,24.465261,74.115792,2, ,0.0,0.0,9.0,04.3,2,5400,0,1,230,0,0,0,0

