SID,KKU3A,04,2
CA,0,36.0,2,3000,0,0,0,0,0,0
FD,IIM,24.746469,93.890356,0,IIM,0.0,5.5,35.0,5.5,2,4500,0,1,204,0,0,0
CF,IIM01,24.774589,93.894289,1,IIM,8.3,1.7,170.0,6.0,2,8100,0,0,0,0,0,1
VI,2, ,0.0,310.0,0,0,0,0,0,0,0,0
CF,KKU,24.914614,92.984675,0,KKU,0.0,0.0,281.0,46.0,0,0,0,0,0,0,0,0

SID,KKU3B,22,2
CA,0,216.0,2,3000,0,0,0,0,0,0
FD,IIM,24.746469,93.890356,0,IIM,0.0,8.0,200.0,8.0,2,5600,0,0,0,0,0,0
VI,0, ,0.0,200.0,0,0,0,0,0,0,0,0
AF,D281J,24.787664,93.717469,2,IIM,285.7,9.8,200.0,0,0,0,0,0,0,0,0
TF,KKU,24.914614,92.984675,0, ,0.0,0.0,0.0,0.0,0,0,0,0,0,0,0,0

SID,LIGS3A,04,2
CA,0,36.0,2,3000,0,0,0,0,0,0
FD,IIM,24.746469,93.890356,0,IIM,0.0,14.0,35.0,14.0,2,8100,0,0,0,0,0,0
VI,0, ,0.0,35.0,0,0,0,0,0,0,0,0
AF,D355P,25.024508,93.870364,1,IIM,357.3,16.7,35.0,0,0,0,0,0,0,0,0
TF,LIGSA,25.420833,93.829722,0, ,0.0,0.0,0.0,0.0,0,0,0,0,0,0,0,0
TF,DMR,25.880917,93.782028,0, ,0.0,0.0,0.0,0.0,0,0,0,0,0,0,0,0

SID,LIGS3B,22,2
CA,0,216.0,2,3000,0,0,0,0,0,0
FD,IIM,24.746469,93.890356,0,IIM,0.0,5.0,215.0,5.0,2,4300,0,1,204,0,0,0
CF,IIM,24.746469,93.890356,1,IIM,0.0,0.0,350.0,5.0,2,8300,0,0,0,0,0,0
FA,IIM,24.746469,93.890356,0,IIM,0.0,0.0,10.0,2,9000,0,0,0,0,0,0
CF,LIGSA,25.420833,93.829722,0,IIM,356.3,40.5,355.0,40.0,0,0,0,0,0,0,0,0
TF,DMR,25.880917,93.782028,0, ,0.0,0.0,0.0,0.0,0,0,0,0,0,0,0,0

SID,LLP3A,04,2
CA,0,36.0,2,3000,0,0,0,0,0,0
FD,IIM,24.746469,93.890356,0,IIM,0.0,5.5,35.0,5.5,2,4500,0,1,204,0,0,0
CF,IIM01,24.774589,93.894289,1,IIM,8.3,1.7,170.0,6.0,2,8100,0,0,0,0,0,1
CF,LLP,23.830389,92.623583,0,LLP,0.0,0.0,232.0,89.0,0,0,0,0,0,0,0,0

SID,LLP3B,22,2
CA,0,216.0,2,3000,0,0,0,0,0,0
FD,IIM,24.746469,93.890356,0,IIM,0.0,13.0,200.0,13.0,2,7700,0,0,0,0,0,0
VI,0, ,0.0,200.0,0,0,0,0,0,0,0,0
AF,D232O,24.600864,93.683942,2,IIM,233.4,14.3,200.0,0,0,0,0,0,0,0,0
TF,LLP,23.830389,92.623583,0, ,0.0,0.0,0.0,0.0,0,0,0,0,0,0,0,0

SID,PORE3A,04,2
CA,0,36.0,2,3000,0,0,0,0,0,0
FD,IIM,24.746469,93.890356,0,IIM,0.0,5.5,35.0,5.5,2,4500,0,1,204,0,0,0
CF,IIM01,24.774589,93.894289,1,IIM,8.3,1.7,170.0,6.0,2,8100,0,0,0,0,0,1
VI,2, ,0.0,279.0,0,0,0,0,0,0,0,0
CF,POREG,24.350833,92.792500,0,AAT,72.3,89.6,249.0,63.0,0,0,0,0,0,0,0,0
TF,MEPAR,24.000833,91.863611,0, ,0.0,0.0,0.0,0.0,0,0,0,0,0,0,0,0
TF,AAT,23.890417,91.238639,0, ,0.0,0.0,0.0,0.0,0,0,0,0,0,0,0,0

SID,PORE3B,22,2
CA,0,216.0,2,3000,0,0,0,0,0,0
FD,IIM,24.746469,93.890356,0,IIM,0.0,8.0,200.0,8.0,2,5600,0,0,0,0,0,0
VI,0, ,0.0,200.0,0,0,0,0,0,0,0,0
AF,D249J,24.695978,93.727797,2,IIM,252.3,9.4,200.0,0,0,0,0,0,0,0,0
CF,POREG,24.350833,92.792500,0,IIM,249.7,64.6,249.0,56.0,0,0,0,0,0,0,0,0
TF,MEPAR,24.000833,91.863611,0, ,0.0,0.0,0.0,0.0,0,0,0,0,0,0,0,0
TF,AAT,23.890417,91.238639,0, ,0.0,0.0,0.0,0.0,0,0,0,0,0,0,0,0

APPTR,D04,04,D223V
IF,D223V,24.472869,93.621422, ,0.0,0.0,2,9500,0,0,0,0,1,0
TF,D223S,24.510206,93.658025,0, ,0.0,0.0,0.0,0.0,2,8400,0,0,0,0,0,0
TF,D223O,24.559975,93.706864,0, ,0.0,0.0,0.0,0.0,2,7300,0,0,0,0,1,0
TF,FD04,24.623408,93.769189,0, ,0.0,0.0,0.0,0.0,2,6300,0,0,0,0,0,0

APPTR,D04,04,D249V
IF,D249V,24.608211,93.517308, ,0.0,0.0,2,9500,0,0,0,0,1,0
TF,D249Q,24.639714,93.602019,0, ,0.0,0.0,0.0,0.0,2,8800,0,1,185,0,0,0
TF,D249O,24.652303,93.635914,0, ,0.0,0.0,0.0,0.0,2,8800,0,0,0,0,0,0
AF,D223O,24.559975,93.706864,1,IIM,223.0,15.0,249.0,2,7300,0,0,0,0,1,0
TF,FD04,24.623408,93.769189,0, ,0.0,0.0,0.0,0.0,2,6300,0,0,0,0,0,0

APPTR,D04,04,D282Q
IF,D282Q,24.800389,93.584694, ,0.0,0.0,2,11000,0,0,0,0,1,0
CI,0, ,0.0,102.0,0,0,0,0,0,0,0,0
AF,D249O,24.652303,93.635914,1,IIM,249.0,15.0,282.0,2,8800,0,0,0,0,0,0
AF,D223O,24.559975,93.706864,1,IIM,223.0,15.0,249.0,2,7300,0,0,0,0,1,0
TF,FD04,24.623408,93.769189,0, ,0.0,0.0,0.0,0.0,2,6300,0,0,0,0,0,0

APPTR,D04,04,D356Q
IF,D356Q,25.029611,93.863164, ,0.0,0.0,2,11000,0,0,0,0,1,0
CI,0, ,0.0,176.0,0,0,0,0,0,0,0,0
AF,D282O,24.794078,93.620669,1,IIM,282.0,15.0,356.0,2,11000,0,0,0,0,0,0
AF,D249O,24.652303,93.635914,1,IIM,249.0,15.0,282.0,2,8800,0,0,0,0,0,0
AF,D223O,24.559975,93.706864,1,IIM,223.0,15.0,249.0,2,7300,0,0,0,0,1,0
TF,FD04,24.623408,93.769189,0, ,0.0,0.0,0.0,0.0,2,6300,0,0,0,0,0,0

APPTR,D04,04,IIM1
IF,IIM,24.746469,93.890356, ,0.0,0.0,2,11000,0,1,170,0,0,0
TF,D213O,24.533708,93.745069,0, ,0.0,0.0,0.0,0.0,2,7300,0,0,0,0,0,1
CF,D223N,24.572417,93.719081,2,IIM,223.0,14.0,43.0,1.0,2,7300,0,0,0,0,1,0
TF,FD04,24.623408,93.769189,0, ,0.0,0.0,0.0,0.0,2,6300,0,0,0,0,0,0

APPTR,D04,04,IIM2
IF,IIM,24.746469,93.890356, ,0.0,0.0,2,11000,0,0,0,0,0,0
TF,D216O,24.540944,93.733092,0, ,0.0,0.0,0.0,0.0,2,7300,0,0,0,0,0,1
CF,D223N,24.572417,93.719081,2,IIM,223.0,14.0,43.0,1.0,2,7300,0,0,0,0,1,0
TF,FD04,24.623408,93.769189,0, ,0.0,0.0,0.0,0.0,2,6300,0,0,0,0,0,0

APPTR,D04,04,IIM3
IF,IIM,24.746469,93.890356, ,0.0,0.0,2,11000,0,0,0,0,0,0
TF,D178L,24.546103,93.901833,0, ,0.0,0.0,0.0,0.0,2,7500,0,0,0,0,0,0
TF,D178O,24.496011,93.904697,0, ,0.0,0.0,0.0,0.0,0,0,0,0,0,0,0,0
AF,D223O,24.559975,93.706864,2,IIM,223.0,15.0,178.0,2,7300,0,0,0,0,1,0
TF,FD04,24.623408,93.769189,0, ,0.0,0.0,0.0,0.0,2,6300,0,0,0,0,0,0

FINAL,D04,04,D,3
IF,FD04,24.623408,93.769189,IIM,223.0,9.9,2,6300,0,0,0,0,2,0
CF,40VOR,24.696758,93.841369,0,IIM,223.0,4.0,43.0,5.9,2,4120,0,0,0,0,0,0
CF,MD04,24.727828,93.871981,0,IIM,223.0,1.5,43.0,2.5,1,3191,0,0,0,0,3,0
CF,IIM,24.746469,93.890356,0,IIM,0.0,0.0,43.0,1.5,0,0,0,0,0,0,0,0
FA,IIM,24.746469,93.890356,0,IIM,0.0,0.0,43.0,2,4000,0,0,0,0,0,0
DF,IIM,24.746469,93.890356,1, ,0.0,0.0,0,0,0,1,160,0,0,0
TF,D178L,24.546103,93.901833,0, ,0.0,0.0,0.0,0.0,1,7500,0,0,0,0,0,0
HM,D178L,24.546103,93.901833,1, ,0.0,0.0,178.0,04.3,2,7500,0,0,0,0,0,0,0

APPTR,D22,22,IIM
IF,IIM,24.746469,93.890356, ,0.0,0.0,2,8800,0,0,0,0,0,0
TF,D009N,24.978256,93.926092,0, ,0.0,0.0,0.0,0.0,2,8800,0,0,0,0,0,0
TF,D009P,25.011367,93.931208,0, ,0.0,0.0,0.0,0.0,0,0,0,0,0,0,0,0
AF,CD22,24.975692,94.041506,2,IIM,32.0,16.0,9.0,2,7000,0,1,180,0,1,0

FINAL,D22,22,D,4
IF,CD22,24.975692,94.041506,IIM,32.0,16.0,2,7000,0,0,0,0,0,0
CF,FD22,24.894050,93.987592,0,IIM,32.0,10.3,212.0,5.7,2,5800,0,0,0,0,2,0
CF,49VOR,24.816683,93.936583,0,IIM,32.0,4.9,212.0,5.4,2,3820,0,0,0,0,0,0
CF,MD22,24.775131,93.909217,0,IIM,32.0,2.0,212.0,2.9,1,2740,0,0,0,0,3,0
CA,0,202.0,2,5400,0,0,0,0,0,0
DF,IIM,24.746469,93.890356,1, ,0.0,0.0,1,8800,0,1,180,0,0,0
HM,IIM,24.746469,93.890356,2, ,0.0,0.0,9.0,04.3,2,8800,0,1,230,0,0,0,0

APPTR,I04,04,D215V
IF,D215V,24.441347,93.665664, ,0.0,0.0,2,9500,0,1,210,0,1,0
TF,D215S,24.482975,93.696239,0, ,0.0,0.0,0.0,0.0,2,8400,0,0,0,0,0,0
CF,CI04,24.541539,93.732181,0,IIPH,215.7,16.8,35.0,4.0,2,7300,0,0,0,0,1,0

APPTR,I04,04,D249V
IF,D249V,24.608211,93.517308, ,0.0,0.0,2,9500,0,1,210,0,1,0
TF,D249Q,24.639714,93.602019,0, ,0.0,0.0,0.0,0.0,0,0,0,1,185,0,0,0
TF,D249O,24.652303,93.635914,0, ,0.0,0.0,0.0,0.0,2,8800,0,0,0,0,0,0
AF,D225O,24.565939,93.699856,1,IIM,225.0,15.0,249.0,2,7300,0,0,0,0,0,0
VI,0,IIPH,0.0,65.0,0,0,0,0,0,0,0,0

APPTR,I04,04,D282Q
IF,D282Q,24.800389,93.584694, ,0.0,0.0,2,11000,0,1,210,0,1,0
CI,0, ,0.0,102.0,0,0,0,0,0,0,0,0
AF,D249O,24.652303,93.635914,1,IIM,249.0,15.0,282.0,2,8800,0,0,0,0,0,0
AF,D225O,24.565939,93.699856,1,IIM,225.0,15.0,249.0,2,7300,0,0,0,0,0,0
VI,0,IIPH,0.0,65.0,0,0,0,0,0,0,0,0

APPTR,I04,04,IIM
IF,IIM,24.746469,93.890356, ,0.0,0.0,2,11000,0,1,210,0,0,0
TF,D178L,24.546103,93.901833,0, ,0.0,0.0,0.0,0.0,2,7500,0,0,0,0,0,0
TF,D178O,24.496011,93.904697,0, ,0.0,0.0,0.0,0.0,0,0,0,0,0,0,0,0
AF,D206O,24.519122,93.774500,2,IIM,206.0,15.0,178.0,2,7300,0,0,0,0,0,0
VI,0,IIPH,0.0,5.0,0,0,0,0,0,0,0,0

FINAL,I04,04,I,3
IF,CI04,24.541539,93.732181,IIPH,215.7,16.8,2,7300,0,0,0,0,0,0
CF,FI04,24.626403,93.796328,0,IIPH,215.7,10.6,35.0,6.2,1,5900,0,0,0,0,2,0
CF,RW04,24.749450,93.889531,0,IIPH,215.7,1.7,35.0,8.9,1,2596,0,0,0,0,3,0
CA,0,35.0,2,3700,0,0,0,0,0,0
DF,IIM,24.746469,93.890356,1, ,0.0,0.0,0,0,0,0,0,0,0,0
TF,D178L,24.546103,93.901833,0, ,0.0,0.0,0.0,0.0,1,7500,0,1,160,0,0,0
HM,D178L,24.546103,93.901833,1, ,0.0,0.0,178.0,04.3,2,7500,0,0,0,0,0,0,0

